state	year	town	cd	cd2	g2010_ATG_dv	g2010_ATG_rv	g2010_ATG_tv	g2010_COM_dv	g2010_COM_tv	g2010_COM_rv	g2010_GOV_dv	g2010_GOV_tv	g2010_GOV_rv	g2010_SOS_dv	g2010_SOS_rv	g2010_SOS_tv	g2010_TRE_dv	g2010_TRE_rv	g2010_TRE_tv	g2010_USH_dv	g2010_USH_dv2	g2010_USH_tv	g2010_USH_tv2	g2010_USH_rv	g2010_USH_rv2	g2010_USS_dv	g2010_USS_rv	g2010_USS_tv
"CT"	2010	"Andover"	2		710	605	1390	698	1358	551	622	1421.0	735	729	555	1391	748	571	1395	810		1421.0		547		755	630	1439.0
"CT"	2010	"Ansonia"	3		2684	1841	4819	2725	4745	1681	2440	4973.0	2260	2605	1883	4844	2676	1870	4849	2967		4959.0		1679		2817	1956	5067.0
"CT"	2010	"Ashford"	2		906	683	1687	956	1653	580	901	1745.0	752	971	605	1695	974	616	1694	1033		1728.0		608		985	676	1752.0
"CT"	2010	"Avon"	5		3881	4157	8285	3426	8066	4335	3137	8427.0	5110	3486	4434	8227	3588	4467	8266	4164		8409.0		4092		3725	4545	8473.0
"CT"	2010	"Barkhamsted"	1		756	783	1618	750	1593	735	659	1665.0	950	724	796	1621	768	770	1614	746		1640.0		828		764	844	1674.0
"CT"	2010	"Beacon Falls"	3		932	1202	2246	1020	2224	1047	853	2323.0	1373	943	1158	2249	989	1138	2246	1073		2302.0		1123		969	1275	2337.0
"CT"	2010	"Berlin"	1		4108	3647	8101	3914	7839	3528	3554	8525.0	4599	3889	3833	8127	4080	3806	8196	4180		8270.0		3766		4088	4083	8577.0
"CT"	2010	"Bethany"	3		1164	1240	2509	1160	2470	1179	1098	2575.0	1392	1166	1236	2530	1171	1233	2518	1363		2570.0		1109		1232	1271	2594.0
"CT"	2010	"Bethel"	5		2760	3437	6502	2607	6380	3369	2565	6725.0	3952	2775	3333	6508	2820	3363	6482	3252		6684.0		3166		3073	3454	6766.0
"CT"	2010	"Bethlehem"	5		635	1031	1747	693	1724	927	655	1798.0	1078	722	940	1750	728	938	1750	752		1794.0		990		701	1047	1805.0
"CT"	2010	"Bloomfield"	1		6573	1488	8469	6267	8324	1561	6301	8743.0	2024	6308	1723	8449	6646	1542	8662	6679		8644.0		1568		6700	1633	8830.0
"CT"	2010	"Bolton"	2		1056	1079	2268	1002	2212	1058	982	2359.0	1276	1053	1066	2270	1105	1067	2283	1237		2339.0		998		1093	1150	2356.0
"CT"	2010	"Bozrah"	2		466	525	1074	480	1047	459	435	1081.0	602	500	484	1088	510	480	1083	611		1120.0		442		547	537	1161.0
"CT"	2010	"Branford"	3		5830	4398	10658	5794	10531	4196	5474	10996.0	5156	5583	4671	10719	5756	4546	10702	6785		11035.0		3793		6287	4360	11093.0
"CT"	2010	"Bridgeport"	4		15685	3405	20033	15510	19917	3351	17038	22185.0	4099	15682	3581	20297	15800	3472	20229	16648		21091.0		3447		16180	4030	21277.0
"CT"	2010	"Bridgewater"	5		353	503	887	358	881	480	335	924.0	566	353	494	890	353	495	881	390		917.0		507		389	518	936.0
"CT"	2010	"Bristol"	1		9092	7432	17348	9139	16940	6845	7961	17930.0	9204	9087	7361	17358	9173	7579	17474	9563		17509.0		7158		9378	7838	18040.0
"CT"	2010	"Brookfield"	5		2275	3801	6367	2192	6224	3660	2134	6586.0	4297	2305	3699	6336	2340	3725	6336	2763		6511.0		3568		2670	3753	6598.0
"CT"	2010	"Brooklyn"	2		1108	1193	2482	1195	2430	1017	1105	2567.0	1332	1178	1101	2495	1224	1096	2505	1291		2563.0		1113		1258	1195	2597.0
"CT"	2010	"Burlington"	5		1743	2012	3912	1662	3811	1944	1451	3996.0	2398	1671	2022	3900	1754	2026	3916	2049		3988.0		1830		1756	2131	4008.0
"CT"	2010	"Canaan"	5		241	161	432	241	421	148	225	453.0	213	254	147	433	254	145	427	276		446.0		153		262	173	454.0
"CT"	2010	"Canterbury"	2		801	1011	1946	846	1917	905	791	2018.0	1120	856	952	1966	880	944	1957	1005		2012.0		904		907	1006	2032.0
"CT"	2010	"Canton"	5		2163	2116	4472	1995	4359	2115	1812	4577.0	2596	1999	2229	4452	2093	2210	4465	2399		4542.0		2007		2170	2248	4601.0
"CT"	2010	"Chaplin"	2		385	313	770	399	748	277	398	829.0	388	440	296	795	431	293	785	477		812.0		300		470	331	829.0
"CT"	2010	"Cheshire"	5		5455	5681	11503	5189	11240	5545	4853	11881.0	6696	5243	5863	11557	5535	5652	11528	6044		11878.0		5574		5848	5731	11953.0
"CT"	2010	"Chester"	2		904	603	1638	916	1590	530	765	1672.0	617	908	586	1629	956	565	1632	1032		1669.0		563		992	585	1674.0
"CT"	2010	"Clinton"	2		2497	2283	5008	2255	4731	2171	2184	5129.0	2740	2377	2356	5030	2485	2318	5033	2774		5125.0		2150		2661	2310	5183.0
"CT"	2010	"Colchester"	2		2805	2639	5781	2797	5661	2455	2653	6158.0	3228	2793	2631	5812	2917	2605	5833	3326		6015.0		2411		2903	2864	5989.0
"CT"	2010	"Colebrook"	1		284	372	685	288	664	340	285	695.0	387	297	344	678	294	354	682	301		680.0		354		274	405	701.0
"CT"	2010	"Columbia"	2		1219	1035	2410	1228	2366	957	1128	2483.0	1251	1261	990	2419	1276	1005	2421	1407		2479.0		956		1291	1087	2492.0
"CT"	2010	"Cornwall"	5		444	234	720	453	704	196	457	750.0	262	468	216	729	470	198	716	538		751.0		184		492	238	754.0
"CT"	2010	"Coventry"	2		2354	2093	4757	2351	4672	1962	2170	4886.0	2498	2437	2005	4775	2443	2073	4773	2691		4873.0		1943		2527	2162	4923.0
"CT"	2010	"Cromwell"	1		2700	2354	5357	2616	5224	2241	2456	5656.0	2920	2680	2440	5459	2734	2378	5413	2802		5535.0		2436		2765	2595	5679.0
"CT"	2010	"Danbury"	5		8398	8187	17253	8139	16979	7918	7761	18145.0	9826	8557	7855	17236	8697	7918	17229	9813		17782.0		7489		9273	8140	17936.0
"CT"	2010	"Darien"	4		2405	5273	7851	1873	7514	5544	2424	8187.0	5650	2052	5440	7745	2018	5525	7719	2654		8180.0		5460		2633	5416	8213.0
"CT"	2010	"Deep River"	2		1049	760	1908	1063	1881	695	932	1970.0	902	1056	758	1926	1073	755	1926	1146		1974.0		762		1118	794	1984.0
"CT"	2010	"Derby"	3		1777	1424	3354	1708	3318	1388	1586	3480.0	1779	1639	1552	3378	1715	1515	3383	1966		3476.0		1365		1866	1516	3542.0
"CT"	2010	"Durham"	2	3	1555	1609	3312	1517	3216	1527	1358	3419.0	1929	1518	1633	3304	1584	1603	3320	1254	474	2474.0	909	1141	393	1654	1668	3446.0
"CT"	2010	"East Granby"	1		991	1078	2168	947	2097	1018	808	2217.0	1319	979	1063	2160	1023	1056	2178	976		2191.0		1131		955	1184	2224.0
"CT"	2010	"East Haddam"	2		1774	1674	3629	1786	3560	1522	1553	3717.0	1994	1783	1633	3635	1824	1631	3632	1935		3705.0		1643		1898	1677	3736.0
"CT"	2010	"East Hampton"	2		2600	2557	5425	2659	5285	2278	2394	5605.0	3017	2613	2508	5428	2835	2382	5462	2859		5581.0		2523		2803	2634	5613.0
"CT"	2010	"East Hartford"	1		7161	3443	11464	7195	11248	3179	6692	11972.0	4589	7211	3570	11610	7439	3462	11667	7646		11823.0		3484		6360	3909	11023.0
"CT"	2010	"East Haven"	3		4213	3180	7797	4325	7697	2953	3948	8265.0	3954	4045	3376	7857	4208	3326	7867	5023		9342.0		2805		4520	3364	8254.0
"CT"	2010	"East Lyme"	2		3965	2934	7154	3853	7014	2826	3642	7430.0	3575	3847	3052	7216	4070	2925	7211	4985		7457.0		2304		4345	2891	7449.0
"CT"	2010	"East Windsor"	1		1717	1739	3656	1760	3583	1581	1507	3787.0	2105	1773	1666	3664	1836	1680	3696	1871		3753.0		1701		1809	1802	3805.0
"CT"	2010	"Eastford"	2		320	389	733	327	717	365	308	749.0	421	338	373	740	330	382	732	358		755.0		379		343	392	755.0
"CT"	2010	"Easton"	4		1218	1938	3254	1100	3202	1953	1259	3327.0	2004	1184	1934	3249	1155	1992	3247	1339		3321.0		1941		1362	1890	3339.0
"CT"	2010	"Ellington"	2		2041	2784	5118	2327	5335	2647	2090	5686.0	3366	2416	2702	5471	2449	2806	5506	2881		5666.0		2558		2523	2927	5700.0
"CT"	2010	"Enfield"	2		6642	5716	12974	6673	12617	5273	5964	13289.0	6929	6702	5556	12948	7058	5436	13016	7693		13320.0		5218		7166	5916	13478.0
"CT"	2010	"Essex"	2		1676	1415	3207	1615	3146	1376	1499	3296.0	1675	1674	1416	3219	1642	1406	3148	1852		3303.0		1383		1810	1388	3305.0
"CT"	2010	"Fairfield"	4		9614	11101	21393	8893	20966	11137	9531	21721.0	11632	9466	10469	20782	9294	11266	21285	10619		22029.0		11014		10760	10729	22164.0
"CT"	2010	"Farmington"	5		5451	4860	10674	4981	9941	4508	4614	10905.0	6030	5022	5204	10644	5232	5143	10712	5929		10822.0		4693		5459	5242	10951.0
"CT"	2010	"Franklin"	2		368	360	765	369	749	335	336	806.0	433	373	358	770	399	337	773	450		811.0		313		395	373	814.0
"CT"	2010	"Glastonbury"	1	2	7576	6535	14655	6900	14232	6574	6518	15074.0	8127	6758	7182	14610	6992	7185	14666	5090	2710	9658.0	5268	4226	2403	7463	7127	15104.0
"CT"	2010	"Goshen"	5		544	840	1426	552	1395	782	504	1459.0	922	594	775	1419	600	775	1423	650		1451.0		771		568	883	1476.0
"CT"	2010	"Granby"	1		2177	2537	4912	2057	4792	2501	1873	5050.0	3007	2122	2534	4897	2173	2561	4911	2199		4959.0		2613		2246	2636	5071.0
"CT"	2010	"Greenwich"	4		7705	12459	20689	6970	20231	12466	8401	21638.0	12817	7381	12383	20534	7284	12715	20562	9533		21706.0		11857		8975	12289	21831.0
"CT"	2010	"Griswold"	2		1547	1623	3391	1688	3311	1350	1497	3536.0	1852	1702	1442	3390	1739	1471	3416	2011		3517.0		1309		1694	1681	3567.0
"CT"	2010	"Groton"	2		5073	4089	9608	4961	9348	3813	4724	9946.0	4820	4988	4056	9585	5186	3988	9605	6487		9959.0		3112		5651	3816	9917.0
"CT"	2010	"Guilford"	3		5303	4212	9911	5331	9764	3936	4966	10220.0	4947	5135	4315	9861	5233	4254	9846	6225		10214.0		3647		5756	4148	10261.0
"CT"	2010	"Haddam"	2		1719	1759	3657	1700	3587	1647	1527	3745.0	2052	1681	1762	3659	1794	1697	3665	1835		3748.0		1791		1750	1853	3765.0
"CT"	2010	"Hamden"	3		12566	5658	19058	12472	18814	5312	12256	19681.0	6725	12203	6001	19145	11443	5858	18182	13738		19737.0		5075		13273	5760	19925.0
"CT"	2010	"Hampton"	2		424	342	814	420	790	318	406	847.0	400	418	343	820	454	323	818	519		844.0		291		455	358	856.0
"CT"	2010	"Hartford"	1		12965	1586	16142	12810	16003	1407	13911	17896.0	2043	13325	1704	16821	13534	1508	17212	13799		17249.0		1492		13913	1945	18032.0
"CT"	2010	"Hartland"	1		299	608	937	313	923	573	271	961.0	666	315	585	939	326	576	938	309		946.0		613		301	640	960.0
"CT"	2010	"Harwinton"	5		980	1471	2554	956	2507	1417	851	2614.0	1665	976	1446	2552	1033	1424	2552	1119		2603.0		1410		997	1554	2633.0
"CT"	2010	"Hebron"	2		1931	1882	4017	1768	3893	1858	1609	4135.0	2353	1758	1994	4009	1862	1961	4022	2131		4122.0		1792		1922	2042	4156.0
"CT"	2010	"Kent"	5		726	520	1315	726	1298	496	741	1361.0	562	757	477	1316	754	487	1306	850		1364.0		465		812	500	1373.0
"CT"	2010	"Killingly"	2		1852	1891	4081	1989	3984	1607	1773	4241.0	2213	1985	1723	4081	2054	1693	4087	2206		4212.0		1783		2072	1913	4277.0
"CT"	2010	"Killingworth"	2		1371	1431	2912	1377	2850	1320	1245	2991.0	1635	1375	1411	2916	1421	1364	2904	1558		2968.0		1316		1481	1434	3019.0
"CT"	2010	"Lebanon"	2		1322	1316	2823	1331	2762	1182	1180	2915.0	1570	1361	1271	2843	1405	1253	2837	1535		2917.0		1195		1388	1373	2931.0
"CT"	2010	"Ledyard"	2		2176	2337	4764	2158	4653	2161	1912	4923.0	2789	2136	2338	4799	2295	2245	4785	2891		4924.0		1812		2513	2214	4919.0
"CT"	2010	"Lisbon"	2		723	711	1519	771	1485	597	695	1609.0	830	781	647	1544	820	624	1536	941		1607.0		587		826	712	1626.0
"CT"	2010	"Litchfield"	5		1529	2004	3687	1489	3617	1912	1461	3789.0	2202	1587	1898	3694	1663	1891	3705	1775		3769.0		1904		1597	2063	3788.0
"CT"	2010	"Lyme"	2		594	533	1187	573	1154	505	551	1206.0	607	603	511	1183	602	523	1179	697		1214.0		464		646	499	1203.0
"CT"	2010	"Madison"	2		3957	3993	8208	3764	8042	3937	3532	8497.0	4764	3718	4223	8231	3814	4154	8198	4267		8416.0		3966		4276	4001	8515.0
"CT"	2010	"Manchester"	1		9517	6206	16933	9308	16614	5977	8893	17527.0	7762	9418	6456	17126	9678	6411	17142	10110		17374.0		6251		10083	6604	17581.0
"CT"	2010	"Mansfield"	2		3666	1371	5501	3624	5390	1253	3803	5707.0	1597	3965	1172	5613	3701	1385	5511	4074		5685.0		1236		3973	1400	5724.0
"CT"	2010	"Marlborough"	2		1282	1388	2789	1268	2725	1310	1176	2866.0	1583	1263	1387	2793	1324	1371	2797	1456		2859.0		1308		1362	1404	2875.0
"CT"	2010	"Meriden"	5		8544	5397	14773	8586	14500	4910	8238	15380.0	6520	8198	5881	14973	8898	5218	14866	9844		15230.0		4732		9210	5706	15508.0
"CT"	2010	"Middlebury"	5		1196	1974	3331	1169	3253	1902	1166	3479.0	2219	1222	1923	3320	1251	1930	3315	1328		3447.0		2033		1279	2127	3487.0
"CT"	2010	"Middlefield"	3		1031	881	2021	1003	1983	853	934	2090.0	1032	1014	904	2036	1052	876	2039	1171		2067.0		796		1047	949	2104.0
"CT"	2010	"Middletown"	3	1	8320	4506	13715	8243	13459	4204	7955	14238.0	5435	8153	4644	13787	8497	4423	13790	7273	1745	11187.0	2781	3169	888	8576	4833	14291.0
"CT"	2010	"Milford"	3		9781	8096	18728	8771	18268	8374	8486	19293.0	10086	8694	8836	18538	8895	8862	18615	10729		19100.0		7565		10123	8426	19398.0
"CT"	2010	"Monroe"	4		2939	4312	7511	2806	7367	4212	2872	7772.0	4673	2868	4284	7499	2820	4439	7528	3093		7701.0		4458		3322	4218	7814.0
"CT"	2010	"Montville"	2		2654	2493	5493	2730	5378	2261	2456	5731.0	2969	2675	2442	5524	2871	2329	5527	3408		5764.0		2031		2971	2422	5751.0
"CT"	2010	"Morris"	5		418	614	1091	396	1064	595	396	1107.0	672	420	593	1083	436	593	1083	489		1099.0		581		424	655	1121.0
"CT"	2010	"Naugatuck"	3		3426	4172	8094	3651	7898	3638	3177	8561.0	4949	3637	3858	8135	3815	3839	8141	3633		8437.0		4395		3707	4547	8640.0
"CT"	2010	"New Britain"	5		8666	3455	12756	8594	12576	3250	8547	13450.0	4382	8556	3600	12862	8850	3516	12960	9533		13315.0		3282		9094	3962	13569.0
"CT"	2010	"New Canaan"	4		2445	5355	7978	2188	7820	5379	2628	8217.0	5481	2384	5309	7941	2268	5490	7934	2840		8212.0		5307		2772	5308	8221.0
"CT"	2010	"New Fairfield"	5		1787	3122	5124	1714	5049	3053	1689	5322.0	3491	1843	3014	5135	1876	3029	5126	2304		5289.0		2841		2047	3117	5333.0
"CT"	2010	"New Hartford"	1		1366	1649	3135	1303	3057	1594	1177	3207.0	1923	1279	1691	3123	1424	1610	3147	1359		3168.0		1708		1358	1760	3211.0
"CT"	2010	"New Haven"	3		20278	2923	25011	20104	24831	2643	20848	26181.0	3679	19961	3126	25147	20386	3012	25374	21453		26186.0		2568		21324	3266	26423.0
"CT"	2010	"New London"	2		3135	1215	4707	3107	4637	1102	3180	4975.0	1502	3054	1266	4738	3245	1177	4782	3670		4948.0		938		3551	1215	5106.0
"CT"	2010	"New Millford"	5		3641	4862	8993	3611	8778	4484	3454	9399.0	5636	3901	4465	9028	3900	4562	8986	4637		9324.0		4355		4266	4854	9476.0
"CT"	2010	"Newington"	1		6524	4085	11105	6407	10857	3876	5882	11531.0	5179	6154	4362	11069	5896	5087	11374	6666		11340.0		4173		6480	4577	11594.0
"CT"	2010	"Newtown"	5		4347	5928	10673	4075	10410	5740	4159	11000.0	6583	4388	5723	10657	4386	5797	10619	5423		10964.0		5236		4917	5890	11090.0
"CT"	2010	"Norfolk"	5		412	320	771	413	754	291	410	792.0	352	427	294	769	452	275	770	493		778.0		265		417	340	780.0
"CT"	2010	"North Branford"	3		2387	2462	5066	2364	4989	2341	2093	5267.0	2969	2219	2614	5114	2368	2504	5102	2875		5283.0		2174		2568	2546	5348.0
"CT"	2010	"North Canaan"	5		462	471	977	488	964	412	462	1021.0	520	502	422	984	507	418	976	562		1018.0		428		499	496	1026.0
"CT"	2010	"North Haven"	3		4555	4624	9631	4509	9450	4418	4132	10085.0	5573	4252	4952	9738	4483	4799	9710	5587		10115.0		4027		5110	4673	10254.0
"CT"	2010	"North Stonington"	2		881	1039	2035	899	1977	926	836	2097.0	1163	916	971	2039	941	984	2030	1186		2097.0		812		1028	958	2089.0
"CT"	2010	"Norwalk"	4		12255	9616	23033	11720	22742	9593	12610	23944.0	10272	12207	9475	23078	12280	9553	23042	13667		24024.0		9385		12926	10077	24125.0
"CT"	2010	"Norwich"	2		4754	3066	8384	4716	8129	2726	4542	8814.0	3793	4646	3135	8431	5017	2878	8473	5666		8772.0		2558		5203	3155	8874.0
"CT"	2010	"Old Lyme"	2		1852	1630	3609	1791	3522	1560	1647	3731.0	1991	1774	1698	3615	1886	1611	3615	2233		3734.0		1407		2063	1580	3736.0
"CT"	2010	"Old Saybrook"	2		2335	2246	4746	2265	4645	2161	2062	4887.0	2642	2211	2331	4747	2388	2202	4760	2713		4880.0		2034		2507	2208	4905.0
"CT"	2010	"Orange"	3		2740	3297	6189	2638	6105	3248	2600	6395.0	3656	2577	3399	6194	2612	3407	6187	3390		6370.0		2792		3007	3262	6451.0
"CT"	2010	"Oxford"	4		1750	2989	4908	1742	4802	2817	1621	5077.0	3314	1811	2892	4925	1860	2850	4897	1925		4993.0		2956		1959	3001	5118.0
"CT"	2010	"Plainfield"	2		1828	1807	3922	2001	3853	1537	1723	4050.0	2071	1976	1667	3948	2072	1613	3942	2228		4047.0		1596		1993	1826	4072.0
"CT"	2010	"Plainville"	5		3129	2527	5962	3123	5838	2369	2655	6161.0	3225	3044	2599	5971	3183	2555	5999	3611		6093.0		2256		3174	2768	6202.0
"CT"	2010	"Plymouth"	5		1616	2035	3877	1681	3790	1846	1382	3984.0	2412	1720	1916	3877	1774	1916	3887	2022		3961.0		1776		1698	2165	4031.0
"CT"	2010	"Pomfret"	2		715	859	1667	768	1630	746	741	1697.0	895	818	737	1668	810	752	1653	868		1704.0		785		834	819	1711.0
"CT"	2010	"Portland"	1		2004	1606	3734	1918	3640	1541	1776	3866.0	1974	1926	1648	3739	2026	1605	3745	2130		3796.0		1561		2020	1768	3862.0
"CT"	2010	"Preston"	2		799	881	1750	790	1712	817	788	1843.0	987	834	846	1776	858	835	1766	1086		1836.0		701		928	851	1839.0
"CT"	2010	"Prospect"	3		1397	2293	3875	1437	3790	2151	1256	3994.0	2594	1410	2244	3869	1487	2238	3890	1630		3939.0		2178		1434	2443	4018.0
"CT"	2010	"Putnam"	2		1116	1063	2359	1162	2295	919	1064	2450.0	1244	1218	953	2375	1234	965	2367	1240		2433.0		1068		1213	1095	2476.0
"CT"	2010	"Redding"	4		1856	2082	4074	1764	4013	2047	1886	4178.0	2211	1887	2002	4067	1850	2065	4055	2094		4174.0		2021		2094	1988	4188.0
"CT"	2010	"Ridgefield"	4		4234	5575	10074	3797	9882	5652	4084	10364.0	6102	4084	5576	10030	3992	5718	10007	4634		10349.0		5576		4457	5677	10409.0
"CT"	2010	"Rocky Hill"	1		3772	2926	6926	3617	6804	2898	3313	7128.0	3670	3579	3047	6946	3668	3103	6965	3815		7031.0		3027		3788	3208	7160.0
"CT"	2010	"Roxbury"	5		518	607	1161	516	1147	582	511	1201.0	654	548	569	1160	552	569	1161	592		1193.0		582		580	590	1198.0
"CT"	2010	"Salem"	2		786	741	1600	793	1551	660	720	1664.0	890	794	728	1610	824	711	1609	967		1659.0		641		822	781	1661.0
"CT"	2010	"Salisbury"	5		1035	589	1709	1041	1691	547	1058	1762.0	652	1099	525	1714	1091	531	1714	1222		1762.0		492		1154	566	1774.0
"CT"	2010	"Scotland"	2		273	349	665	303	648	298	267	698.0	396	311	313	669	314	310	669	344		692.0		305		330	340	702.0
"CT"	2010	"Seymour"	3		2425	2657	5303	2437	5182	2455	2178	5513.0	3171	2410	2623	5322	2483	2621	5322	2887		5473.0		2393		2710	2733	5564.0
"CT"	2010	"Sharon"	5		624	506	1188	641	1174	461	632	1210.0	536	652	462	1182	646	477	1183	743		1212.0		431		699	481	1220.0
"CT"	2010	"Shelton"	4	3	5591	7618	13698	5220	13432	7591	5194	13921.0	8601	5507	7642	13769	5553	7628	13657	3736	1668	10879.0	3232	7026	1457	6384	7472	14165.0
"CT"	2010	"Sherman"	5		663	867	1599	648	1574	843	649	1648.0	959	693	827	1592	677	846	1593	816		1647.0		797		744	856	1652.0
"CT"	2010	"Simsbury"	5		5324	5163	10853	4725	10538	5288	4368	11108.0	6459	4864	5432	10777	5037	5479	10845	5656		11033.0		5149		5250	5556	11123.0
"CT"	2010	"Somers"	2		1375	2178	3717	1364	3607	2035	1251	3872.0	2487	1455	2072	3733	1529	2048	3736	1673		3850.0		2053		1495	2220	3891.0
"CT"	2010	"South Windsor"	1		5306	4413	10244	5218	10071	4186	4824	10668.0	5407	5314	4423	10344	5468	4377	10371	6029		10638.0		4131		5618	4621	10770.0
"CT"	2010	"Southbury"	5		3289	4956	8568	3236	8384	4729	3198	8783.0	5352	3412	4750	8549	3395	4786	8529	3715		8736.0		4785		3610	4970	8831.0
"CT"	2010	"Southington"	1		7515	7761	16047	7346	15458	7196	6764	16545.0	9211	7537	7679	16067	7911	7551	16154	7918		16161.0		7596		8104	7978	16647.0
"CT"	2010	"Sprague"	2		532	519	1123	555	1113	466	482	1163.0	622	552	481	1130	572	479	1135	661		1165.0		430		585	531	1175.0
"CT"	2010	"Stafford"	2		1991	1938	4191	2089	4076	1662	1916	4419.0	2293	2155	1738	4209	2177	1776	4219	2447		4397.0		1740		2142	2047	4428.0
"CT"	2010	"Stamford"	4		17903	11853	30895	15863	29271	11721	19018	33464.0	13779	17215	12308	31086	16565	12962	30668	19752		33038.0		12757		19299	13861	33931.0
"CT"	2010	"Sterling"	2		383	550	1007	406	984	498	350	1041.0	629	446	490	1015	440	504	1009	483		1038.0		503		422	567	1038.0
"CT"	2010	"Stonington"	2		3881	3107	7291	3861	7138	2844	3673	7533.0	3596	3890	3031	7303	4033	2933	7270	4868		7554.0		2420		4407	2786	7495.0
"CT"	2010	"Stratford"	3		8983	7460	16996	8403	16627	7429	8968	17523.0	8183	8636	7579	16907	8868	7560	16967	10344		17431.0		6599		10086	7232	17726.0
"CT"	2010	"Suffield"	2		2197	2890	5283	2122	5150	2741	1914	5493.0	3412	2258	2769	5300	2445	2683	5341	2541		5445.0		2731		2364	2962	5505.0
"CT"	2010	"Thomaston"	5		1113	1608	2856	1142	2785	1492	968	2952.0	1864	1209	1507	2858	1271	1492	2873	1385		2941.0		1470		1190	1685	2977.0
"CT"	2010	"Thompson"	2		1177	1351	2762	1237	2712	1184	1174	2912.0	1561	1336	1198	2784	1412	1263	2898	1358		2892.0		1360		1235	1490	2947.0
"CT"	2010	"Tolland"	2		3046	2971	6335	2963	6133	2822	2814	6472.0	3422	3086	2853	6288	3112	2927	6291	3608		6428.0		2608		3157	3074	6459.0
"CT"	2010	"Torrington"	1	5	4748	5719	10976	4794	10728	5315	4353	11402.0	6613	4760	5608	10991	5128	5415	11012	2333	2930	5611.0	5550	3053	2464	4820	6230	11460.0
"CT"	2010	"Trumbull"	4		5914	7656	14131	5508	13927	7662	5878	14617.0	8299	5841	7570	14085	5491	8123	14187	6419		14508.0		7713		6671	7522	14669.0
"CT"	2010	"Union"	2		166	235	418	166	397	205	163	437.0	252	190	210	423	189	209	418	204		433.0		219		171	239	435.0
"CT"	2010	"Vernon"	2		4851	3924	9298	4716	9099	3752	4290	9558.0	4846	4767	3950	9301	5017	3870	9363	5829		9594.0		3370		5035	4126	9618.0
"CT"	2010	"Voluntown"	2		353	441	860	373	838	389	347	892.0	494	407	374	861	404	391	859	471		898.0		381		400	445	904.0
"CT"	2010	"Wallingford"	3		7440	6883	15142	7376	14698	6276	6931	15865.0	8240	5342	9560	15684	7458	6972	15216	8865		15772.0		6052		8322	6945	16001.0
"CT"	2010	"Warren"	5		273	333	634	260	625	327	252	643.0	367	300	302	636	298	303	631	305		642.0		318		294	331	646.0
"CT"	2010	"Washington"	5		801	697	1597	801	1557	648	795	1651.0	802	844	645	1597	833	663	1589	928		1639.0		665		886	717	1658.0
"CT"	2010	"Waterbury"	5	3	10836	8333	20335	11293	20189	7572	10779	21526.0	9607	11039	7946	20572	11854	7620	20660	9103	1860	17334.0	3903	7418	1864	11068	9561	21661.0
"CT"	2010	"Waterford"	2		3920	3124	7411	3847	7243	2978	3581	7713.0	3777	3865	3183	7441	4008	3085	7430	4962		7711.0		2417		4222	3126	7722.0
"CT"	2010	"Watertown"	5		2758	5006	8275	2931	8118	4573	2719	8590.0	5488	3072	4651	8333	3305	4533	8321	3458		8526.0		4754		3092	5252	8669.0
"CT"	2010	"West Hartford"	1		15982	7876	25077	14761	24428	8168	14634	25842.0	10157	14599	8984	24950	15131	8718	25067	15758		25308.0		8370		15936	8590	25809.0
"CT"	2010	"West Haven"	3		8319	3853	12914	8175	12754	3702	7828	13488.0	4995	7977	4185	13015	8180	4055	12988	8984		13454.0		3629		8582	4248	13673.0
"CT"	2010	"Westbrook"	2		1384	1276	2775	1335	2719	1205	1190	2844.0	1538	1307	1322	2777	1380	1246	2750	1553		2747.0		1111		1436	1295	2833.0
"CT"	2010	"Weston"	4		2010	2006	4093	1864	4047	2028	2037	4209.0	2131	1962	1995	4089	1929	2048	4078	2199		4210.0		1991		2098	2054	4212.0
"CT"	2010	"Westport"	4		5575	5096	10963	5286	10819	5083	5762	11234.0	5297	5553	4967	10925	5437	5192	10927	6224		11351.0		4979		6089	5048	11400.0
"CT"	2010	"Wethersfield"	1		5583	4358	10503	5337	10341	4330	4964	10996.0	5517	5207	4710	10601	5331	4754	10661	5356		10785.0		4912		5448	4914	10970.0
"CT"	2010	"Willington"	2		1096	999	2230	1099	2184	916	1046	2285.0	1125	1170	932	2239	1176	947	2243	1250		2280.0		928		1162	1044	2302.0
"CT"	2010	"Wilton"	4		2917	4247	7362	2720	7235	4210	3025	7597.0	4456	2893	4167	7346	2912	4248	7359	3370		7615.0		4142		3258	4221	7664.0
"CT"	2010	"Winchester"	1		1514	1792	3488	1499	3414	1667	1366	3616.0	2115	1535	1745	3512	1655	1646	3509	1563		3531.0		1816		1529	2008	3642.0
"CT"	2010	"Windham"	2		3073	1475	4914	3122	4828	1282	3055	5131.0	1856	3212	1392	5021	3214	1419	4988	3451		5093.0		1373		3314	1610	6609.0
"CT"	2010	"Windsor"	1		7195	3269	11156	6917	10910	3131	6739	11610.0	4186	7032	3356	11208	7261	3362	11410	7387		11413.0		3330		7308	3591	11652.0
"CT"	2010	"Windsor Locks"	1		2123	1897	4201	2185	4100	1699	1903	4324.0	2263	2213	1763	4199	2321	1736	4221	2208		4241.0		1890		2212	2014	4344.0
"CT"	2010	"Wolcott"	5		2183	3697	6189	2366	6061	3355	2050	6416.0	4115	2395	3465	6209	2571	3385	6222	2362		6368.0		3815		2340	3881	6478.0
"CT"	2010	"Woodbridge"	3		2211	1686	4027	2111	3941	1655	2153	4148.0	1917	2135	1737	4021	2154	1760	4022	2581		4163.0		1460		2425	1659	4187.0
"CT"	2010	"Woodbury"	5		1709	2521	4374	1712	4259	2349	1686	4473.0	2698	1810	2354	4358	1838	2372	4358	2007		4469.0		2364		1867	2533	4496.0
"CT"	2010	"Woodstock"	2		1218	1726	3092	1245	3027	1602	1267	3213.0	1836	1373	1568	3106	1346	1620	3097	1495		3210.0		1627		1470	1640	3227.0
