state	year	precinct	precinct_code	g2012_REG_tv	g2012_BALL_tv	cd	ld	sd	g2012_USP_adv	g2012_USP_arv	g2012_USP_atv	g2012_USP_dv	g2012_USP_edv	g2012_USP_erv	g2012_USP_etv	g2012_USP_ldv	g2012_USP_lrv	g2012_USP_ltv	g2012_USP_rv	g2012_USP_tv	g2012_USS_adv	g2012_USS_arv	g2012_USS_atv	g2012_USS_dv	g2012_USS_edv	g2012_USS_erv	g2012_USS_etv	g2012_USS_ldv	g2012_USS_lrv	g2012_USS_ltv	g2012_USS_rv	g2012_USS_tv	g2012_USH_adv	g2012_USH_edv	g2012_USH_ldv	g2012_USH_arv	g2012_USH_erv	g2012_USH_lrv	g2012_USH_atv	g2012_USH_etv	g2012_USH_ltv	g2012_USH_dv	g2012_USH_rv	g2012_USH_tv	g2012_STH_adv	g2012_STH_edv	g2012_STH_ldv	g2012_STH_arv	g2012_STH_erv	g2012_STH_lrv	g2012_STH_atv	g2012_STH_etv	g2012_STH_ltv	g2012_STH_dv	g2012_STH_rv	g2012_STH_tv	g2012_STS_adv	g2012_STS_edv	g2012_STS_ldv	g2012_STS_arv	g2012_STS_erv	g2012_STS_lrv	g2012_STS_atv	g2012_STS_etv	g2012_STS_ltv	g2012_STS_dv	g2012_STS_rv	g2012_STS_tv
"HI"	2012	"01-01"	1	2839	1712	2		4	549	82	645	1371	126	34	164	696	172	895	288	1704	492	142	634	1254	117	48	165	645	243	888	433	1687	552	131	765	69	30	110	621	161	875	1448	209	1657													428	106	590				614	160	842	1124	0	1616
"HI"	2012	"01-02"	2	906	583	2		4	171	41	217	456	30	11	41	255	58	323	110	581	155	61	216	425	29	12	41	241	78	319	151	576	179	35	263	32	6	45	211	41	308	477	83	560													154	24	209				202	39	302	387	0	543
"HI"	2012	"01-03"	3	982	642	2		4	198	50	256	503	41	8	50	264	60	334	118	640	174	75	249	454	35	15	50	245	86	331	176	630	212	38	264	35	10	50	247	48	314	514	95	609													174	33	210				237	44	301	417	0	582
"HI"	2012	"01-04"	4	301	196	2		4	30	16	46	135	19	7	26	86	31	124	54	196	26	18	44	126	14	12	26	86	37	123	67	193	32	19	96	12	7	27	44	26	123	147	46	193													15	17	71				35	24	117	103	0	176
"HI"	2012	"01-05"	5	1758	1126	2		4	341	58	401	929	94	32	126	494	90	597	180	1124	306	89	395	857	89	36	125	462	131	593	256	1113	338	96	508	54	21	78	392	117	586	942	153	1095													306	78	423				370	111	547	807	0	1028
"HI"	2012	"01-06"	6	1379	938	2		4	265	79	348	720	112	24	137	343	93	449	196	934	241	108	349	658	101	36	137	316	128	444	272	930	285	108	349	52	24	77	337	132	426	742	153	895													234	93	276				308	123	396	603	0	827
"HI"	2012	"01-07"	7	1731	954	2			203	65	275	721	137	29	170	381	102	504	196	949	177	94	271	678	127	43	170	374	128	502	265	943	206	130	396	60	32	91	266	162	487	732	183	915																								
"HI"	2012	"01-08"	8	4717	3182	2			1079	244	1341	2490	389	101	496	1022	269	1322	614	3159	984	349	1333	2249	352	142	494	913	392	1305	883	3132	1111	404	1065	180	80	205	1291	484	1270	2580	465	3045																								
"HI"	2012	"01-09"	9	0	0	2		4	0	0	0	0	0	0	0	0	0	0	0	0	0	0	0	0	0	0	0	0	0	0	0	0	0	0	0	0	0	0	0	0	0	0	0	0													0	0	0				0	0	0	0	0	0
"HI"	2012	"01-10"	10	1693	1128	2			323	80	409	882	113	23	136	446	118	576	221	1121	288	116	404	793	99	36	135	406	161	567	313	1106	344	110	476	49	24	83	393	134	559	930	156	1086																								
"HI"	2012	"02-01"	11	3821	2191	2			734	159	908	1724	290	86	383	700	155	883	400	2174	660	232	892	1565	257	120	377	648	226	874	578	2143	756	307	721	109	59	129	865	366	850	1784	297	2081																								
"HI"	2012	"02-02"	12	1962	938	2			279	43	325	749	116	30	149	354	92	456	165	930	265	57	322	701	106	41	147	330	122	452	220	921	283	122	357	31	23	82	314	145	439	762	136	898																								
"HI"	2012	"02-03"	13	1510	913	2			177	30	209	784	109	14	125	498	68	575	112	909	160	49	209	721	97	27	124	464	109	573	185	906	176	101	473	28	22	94	204	123	567	750	144	894																								
"HI"	2012	"02-04"	14	5298	3495	2			1208	213	1434	2866	495	93	595	1163	249	1437	555	3466	1131	292	1423	2641	442	146	588	1068	363	1431	801	3442	1225	500	1218	142	71	186	1367	571	1404	2943	399	3342																								
"HI"	2012	"02-05"	15	3305	2346	2			907	190	1112	1910	329	73	403	674	130	815	393	2330	841	265	1106	1764	291	108	399	632	177	809	550	2314	953	351	725	117	41	76	1070	392	801	2029	234	2263																								
"HI"	2012	"03-01"	16	3773	2600	2	3		887	200	1096	2103	308	61	372	908	191	1113	452	2581	825	261	1086	1903	282	90	372	796	303	1099	654	2557	899	315	920	152	43	138	1051	358	1058	2134	333	2467	812	248	713	256	109	338	1081	365	1077	1773	703	2523												
"HI"	2012	"03-02"	17	425	283	2	3	2	238	28	268	249	11	2	13	0	0	0	30	281	216	45	261	225	9	4	13	0	0	0	49	274	233	8	0	24	1	0	257	9	0	241	25	266	185	7	0	60	3	0	260	10	0	192	63	270	189	5	0	41	3	0	230	8	0	194	44	238
"HI"	2012	"03-03"	18	183	106	2	3	2	64	39	104	66	2	0	2	0	0	0	39	106	59	42	101	61	2	0	2	0	0	0	42	103	74	2	0	23	0	0	97	2	0	76	23	99	55	2	0	38	0	0	96	2	0	57	38	98	60	2	0	31	0	0	91	2	0	62	31	93
"HI"	2012	"03-04"	19	4728	2823	2	3	2	675	193	896	2169	322	75	405	1172	286	1504	554	2805	634	246	880	2051	295	109	404	1122	373	1495	728	2779	726	325	1261	131	70	200	857	395	1461	2312	401	2713	476	187	741	296	151	508	860	399	1453	1404	955	2712	648	301	1102	163	81	303	811	382	1405	2051	547	2598
"HI"	2012	"03-05"	20	2527	1439	2	3	2	289	94	393	1097	143	30	180	665	171	862	295	1435	270	119	389	1032	126	54	180	636	221	857	394	1426	302	137	700	83	39	135	385	176	835	1139	257	1396	199	102	407	135	51	305	375	175	824	708	491	1374	247	126	594	105	46	209	352	172	803	967	360	1327
"HI"	2012	"03-06"	21	1835	1222	2	3	2	306	82	394	907	125	34	162	476	158	663	274	1219	265	121	386	823	118	44	162	440	211	651	376	1199	306	130	496	68	28	133	374	158	629	932	229	1161	154	64	246	120	65	245	357	158	623	464	430	1138	286	123	422	82	34	209	368	157	631	831	325	1156
"HI"	2012	"03-07"	22	875	529	2	3	2	176	11	190	476	20	4	24	280	30	312	45	526	163	24	187	454	20	3	23	271	43	314	70	524	177	22	285	10	2	21	187	24	306	484	33	517	136	12	191	44	8	100	185	22	307	339	152	514	140	14	217	31	9	69	171	23	286	371	109	480
"HI"	2012	"04-01"	23	5736	3505	2		2	694	279	1002	2469	336	100	446	1439	513	2030	892	3478	630	357	987	2296	314	130	444	1352	653	2005	1140	3436	771	348	1597	196	80	374	967	428	1971	2716	650	3366													682	337	1452	263	86	481	945	423	1933	2471	830	3301
"HI"	2012	"04-02"	24	5410	3051	2		2	700	176	912	2338	229	57	293	1409	318	1825	551	3030	675	232	907	2250	222	64	286	1353	458	1811	754	3004	739	234	1474	155	43	292	894	277	1766	2447	490	2937													684	212	1371	191	56	353	875	268	1724	2267	600	2867
"HI"	2012	"04-03"	25	3186	1701	2		2	379	81	493	1315	187	34	233	749	155	963	270	1689	381	102	483	1313	191	42	233	741	216	957	360	1673	406	207	806	69	27	128	475	234	934	1419	224	1643													368	183	722	90	41	177	458	224	899	1273	308	1581
"HI"	2012	"05-01"	26	1359	809	2	5	3	235	61	305	606	22	13	36	349	111	467	185	808	226	74	300	578	22	13	35	330	129	459	216	794	247	22	356	48	11	85	295	33	441	625	144	769	223	20	304	57	12	120	280	32	424	547	189	736	255	23	364	34	10	77	289	33	441	642	121	763
"HI"	2012	"05-02"	27	1864	1057	2	5	3	231	97	334	699	43	15	58	425	198	654	310	1046	220	114	334	673	38	20	58	415	236	651	370	1043	245	47	473	71	11	159	316	58	632	765	241	1006	220	40	403	89	17	212	309	57	615	663	318	981	244	46	470	71	12	164	315	58	634	760	247	1007
"HI"	2012	"05-03"	28	547	322	2	5	3	90	20	110	256	20	4	24	146	33	187	57	321	75	33	108	238	19	4	23	144	42	186	79	317	88	19	155	16	3	25	104	22	180	262	44	306	74	19	141	20	4	39	94	23	180	234	63	297	89	19	157	15	4	27	104	23	184	265	46	311
"HI"	2012	"05-04"	29	659	405	2	5	3	124	26	153	335	26	4	31	185	25	219	55	403	116	39	155	310	22	7	29	172	45	217	91	401	131	24	187	23	6	26	154	30	213	342	55	397	95	22	141	54	7	58	149	29	199	258	119	377	129	27	192	20	3	19	149	30	211	348	42	390
"HI"	2012	"05-05"	30	770	465	2	5	3	108	20	132	371	24	6	32	239	47	298	73	462	100	28	128	352	21	12	33	231	66	297	106	458	104	29	252	17	4	34	121	33	286	385	55	440	93	22	214	31	10	65	124	32	279	329	106	435	111	28	252	13	5	31	124	33	283	391	49	440
"HI"	2012	"05-06"	31	2931	1895	2	5	3	567	122	694	1468	154	34	188	747	227	1004	383	1886	552	135	687	1407	137	51	188	718	280	998	466	1873	594	155	801	75	28	166	669	183	967	1550	269	1819	492	143	663	142	45	278	634	188	941	1298	465	1763	595	158	811	58	26	145	653	184	956	1564	229	1793
"HI"	2012	"05-07"	32	2136	1301	2	5	3	354	91	449	947	129	42	174	464	189	670	322	1293	326	122	448	882	118	55	173	438	229	667	406	1288	369	139	516	60	31	126	429	170	642	1024	217	1241	297	104	428	124	58	216	421	162	644	829	398	1227	365	136	542	63	28	106	428	164	648	1043	197	1240
"HI"	2012	"05-08"	33	3837	2392	2	5	3	435	375	821	1368	285	179	474	648	421	1084	975	2379	387	428	815	1211	249	217	466	575	506	1081	1151	2362	491	321	719	293	136	319	784	457	1038	1531	748	2279	434	268	604	355	189	429	789	457	1033	1306	973	2279	527	332	742	266	123	298	793	455	1040	1601	687	2288
"HI"	2012	"06-01"	34	1070	691	2	6	3	152	74	231	422	61	48	111	209	131	347	253	689	143	86	229	388	58	53	111	187	156	343	295	683	162	74	228	57	32	105	219	106	333	464	194	658	140	61	211	67	42	114	207	103	325	412	223	635	181	78	242	37	28	88	218	106	330	501	153	654
"HI"	2012	"06-02"	35	4023	2147	2	6	3	336	276	624	1222	249	181	437	637	413	1073	870	2134	291	328	619	1097	220	211	431	586	472	1058	1011	2108	393	267	724	196	144	296	589	411	1020	1384	636	2020	339	236	634	236	175	368	575	411	1002	1209	779	1988	390	282	735	196	136	280	586	418	1015	1407	612	2019
"HI"	2012	"06-03"	36	2931	1757	2	6	3	380	251	639	1088	215	92	310	493	295	801	638	1750	331	305	636	956	186	121	307	439	358	797	784	1740	439	231	560	174	73	202	613	304	762	1230	449	1679	383	205	512	206	91	245	589	296	757	1100	542	1642	462	235	586	157	68	187	619	303	773	1283	412	1695
"HI"	2012	"06-04"	37	3483	2025	2	6	3	419	178	611	1399	268	101	373	712	296	1033	575	2017	369	238	607	1252	236	132	368	647	374	1021	744	1996	470	275	771	126	87	231	596	362	1002	1516	444	1960	435	260	748	162	96	242	597	356	990	1443	500	1943	471	288	787	123	70	204	594	358	991	1546	397	1943
"HI"	2012	"06-05"	38	2927	1725	2	6	4	292	154	452	1174	225	90	323	657	256	942	500	1717	240	210	450	1046	206	119	325	600	328	928	657	1703	326	256	699	111	63	190	437	319	889	1281	364	1645	282	233	657	144	78	221	426	311	878	1172	443	1615	259	191	483				402	298	832	933	0	1532
"HI"	2012	"07-01"	39	1402	881	2		4	184	115	304	521	147	88	235	190	141	337	344	876	159	145	304	460	134	98	232	167	168	335	411	871	207	159	221	94	68	105	301	227	326	587	267	854													169	114	162				272	219	293	445	0	784
"HI"	2012	"07-02"	40	4017	2462	2		4	418	284	712	1513	192	89	287	903	509	1452	882	2451	368	342	710	1338	178	105	283	792	657	1449	1104	2442	477	205	1031	219	74	372	696	279	1403	1713	665	2378													378	171	805				628	268	1309	1354	0	2205
"HI"	2012	"07-03"	41	3838	2291	2		4	602	181	804	1697	139	41	182	956	304	1297	526	2283	553	244	797	1576	128	52	180	895	386	1281	682	2258	636	146	1026	134	27	211	770	173	1237	1808	372	2180													471	93	802				742	170	1194	1366	0	2106
"HI"	2012	"07-04"	42	4056	2618	2		4	554	183	748	1948	596	210	820	798	219	1042	612	2610	457	282	739	1670	508	303	811	705	320	1025	905	2575	570	654	826	137	147	165	707	801	991	2050	449	2499													486	516	643				710	782	962	1645	0	2454
"HI"	2012	"07-05"	43	1593	966	2		4	227	58	287	761	176	43	221	358	88	454	189	962	185	90	275	655	154	67	221	316	139	455	296	951	235	187	376	44	31	52	279	218	428	798	127	925													193	155	296				271	214	424	644	0	909
"HI"	2012	"08-01"	44	1835	1161	2			292	61	358	907	76	23	99	539	148	699	232	1156	254	99	353	808	69	29	98	485	212	697	340	1148	293	81	548	57	13	132	350	94	680	922	202	1124																								
"HI"	2012	"08-02"	45	3281	1742	2			509	130	643	1367	120	20	141	738	204	951	354	1735	464	174	638	1255	112	27	139	679	272	951	473	1728	543	123	807	80	13	128	623	136	935	1473	221	1694																								
"HI"	2012	"08-03"	46	1526	850	2			238	55	295	664	66	20	86	360	94	467	169	848	218	73	291	616	59	25	84	339	125	464	223	839	238	67	378	38	16	74	276	83	452	683	128	811																								
"HI"	2012	"08-04"	47	1864	1013	2			323	60	387	803	104	32	138	376	92	480	184	1005	304	81	385	738	96	40	136	338	142	480	263	1001	330	111	379	38	23	80	368	134	459	820	141	961																								
"HI"	2012	"08-05"	48	3674	2608	2			899	256	1164	1928	230	85	315	799	292	1113	633	2592	813	343	1156	1757	214	97	311	730	374	1104	814	2571	936	245	862	157	58	200	1093	303	1062	2043	415	2458																								
"HI"	2012	"08-06"	49	1490	987	2			284	67	356	729	70	23	94	375	141	529	231	979	267	88	355	673	69	25	94	337	183	520	296	969	289	72	403	57	20	105	346	92	508	764	182	946																								
"HI"	2012	"08-07"	50	1111	695	2			218	57	280	552	65	17	82	269	59	332	133	694	203	76	279	504	60	19	79	241	88	329	183	687	217	64	285	48	15	41	265	79	326	566	104	670																								
"HI"	2012	"09-01"	51	3365	1993	2			518	109	631	1613	119	20	140	976	225	1213	354	1984	485	147	632	1473	119	21	140	869	331	1200	499	1972	540	127	1034	55	11	132	595	138	1166	1701	198	1899																								
"HI"	2012	"09-02"	52	3177	2056	2			601	112	715	1637	149	36	188	887	241	1143	389	2046	561	151	712	1492	136	48	184	795	340	1135	539	2031	603	161	919	82	23	164	685	184	1083	1683	269	1952																								
"HI"	2012	"09-03"	53	2269	1300	2			409	65	478	1102	63	5	70	630	101	738	171	1286	395	85	480	1018	56	14	70	567	165	732	264	1282	407	67	628	42	3	85	449	70	713	1102	130	1232																								
"HI"	2012	"09-04"	54	2281	1254	2			418	67	488	1053	68	9	77	567	104	679	180	1244	396	85	481	973	64	13	77	513	165	678	263	1236	415	67	574	48	9	81	463	76	655	1056	138	1194																								
"HI"	2012	"10-01"	55	1407	755	2	10	6	107	65	174	507	45	16	62	355	148	517	229	753	93	78	171	464	43	18	61	328	183	511	279	743	111	50	378	55	10	104	166	60	482	539	169	708	99	47	304	61	9	147	160	56	451	450	217	667	108	45	358	55	12	114	163	57	472	511	181	692
"HI"	2012	"10-02"	56	2375	1114	2	10	6	138	65	207	739	25	20	46	576	250	855	335	1108	128	77	205	680	24	22	46	528	314	842	413	1093	153	26	618	43	16	169	196	42	787	797	228	1025	154	28	568	45	17	236	199	45	804	750	298	1048	153	30	618	46	15	177	199	45	795	801	238	1039
"HI"	2012	"10-03"	57	2317	1014	2	10	6	132	23	155	804	19	2	21	653	163	827	188	1003	125	31	156	709	17	3	20	567	256	823	290	999	138	20	657	15	1	135	153	21	792	815	151	966	126	13	602	22	7	187	148	20	789	741	216	957	134	21	666	15	0	123	149	21	789	821	138	959
"HI"	2012	"10-04"	58	1791	889	2	10	6	172	53	226	658	26	11	37	460	153	622	217	885	168	57	225	633	24	12	36	441	176	617	245	878	184	30	508	34	7	83	218	37	591	722	124	846	173	20	441	43	15	151	216	35	592	634	209	843	172	26	500	47	10	96	219	36	596	698	153	851
"HI"	2012	"10-05"	59	5742	2888	2	10	6	343	321	678	1697	84	56	140	1270	731	2059	1108	2877	319	347	666	1552	69	69	138	1164	883	2047	1299	2851	399	94	1345	239	45	572	638	139	1917	1838	856	2694	382	83	1215	260	55	706	642	138	1921	1680	1021	2701	405	87	1369	240	49	550	645	136	1919	1861	839	2700
"HI"	2012	"11-01"	60	3074	1552	2	11	6	243	74	321	1150	99	26	128	808	267	1100	367	1549	227	89	316	1055	95	34	129	733	359	1092	482	1537	256	104	874	53	20	166	309	124	1040	1234	239	1473	227	96	780	80	30	279	307	126	1059	1103	389	1492	232	102	816	59	18	193	291	120	1009	1150	270	1420
"HI"	2012	"11-02"	61	4362	2501	2	11	6	355	282	651	1481	121	61	185	1005	605	1651	948	2487	325	320	645	1329	106	75	181	898	741	1639	1136	2465	398	129	1087	213	46	477	611	175	1564	1614	736	2350	338	110	957	291	70	633	629	180	1590	1405	994	2399	367	119	995	249	56	522	616	175	1517	1481	827	2308
"HI"	2012	"11-03"	62	3823	1959	2	11	6	269	167	439	1276	109	54	165	898	417	1347	638	1951	236	196	432	1157	108	55	163	813	521	1334	772	1929	287	118	926	118	40	342	405	158	1268	1331	500	1831	234	100	830	186	59	459	420	159	1289	1164	704	1868	257	107	868	134	46	378	391	153	1246	1232	558	1790
"HI"	2012	"11-04"	63	3845	1894	2	11	6	238	143	385	1226	84	40	129	904	423	1372	606	1886	224	157	381	1138	80	48	128	834	529	1363	734	1872	264	96	974	100	30	319	364	126	1293	1334	449	1783	214	85	843	160	44	481	374	129	1324	1142	685	1827	257	84	912	112	42	359	369	126	1271	1253	513	1766
"HI"	2012	"12-01"	64	3256	1891	2	12		432	108	544	1428	107	24	132	889	286	1206	418	1882	395	148	543	1331	103	28	131	833	365	1198	541	1872	442	110	981	92	18	183	534	128	1164	1533	293	1826	436	101	893	93	27	260	529	128	1153	1430	380	1810												
"HI"	2012	"12-02"	65	2058	1214	2	12		225	49	283	919	68	14	88	626	177	836	240	1207	216	64	280	872	67	21	88	589	240	829	325	1197	231	70	658	38	15	131	269	85	789	959	184	1143	236	59	599	35	25	166	271	84	765	894	226	1120												
"HI"	2012	"12-03"	66	2874	1828	2	12		393	182	589	1283	118	46	166	772	260	1060	488	1815	359	232	591	1172	102	63	165	711	342	1053	637	1809	437	119	844	127	38	173	564	157	1017	1400	338	1738	442	107	768	122	46	229	564	153	997	1317	397	1714												
"HI"	2012	"12-04"	67	3165	1969	2	12		432	127	569	1483	127	29	160	924	282	1225	438	1954	393	176	569	1348	119	41	160	836	372	1208	589	1937	461	135	972	90	22	204	551	157	1176	1568	316	1884	447	131	957	95	25	210	542	156	1167	1535	330	1865												
"HI"	2012	"12-05"	68	4620	3092	2	12		769	236	1034	2245	188	62	258	1288	448	1784	746	3076	681	347	1028	2017	171	85	256	1165	602	1767	1034	3051	795	194	1368	188	56	327	983	250	1695	2357	571	2928	763	178	1238	218	65	412	981	243	1650	2179	695	2874												
"HI"	2012	"12-06"	69	268	173	2	12		10	15	25	107	3	3	6	94	44	142	62	173	9	16	25	91	3	3	6	79	62	141	81	172	14	4	99	10	2	36	24	6	135	117	48	165	12	4	86	10	2	41	22	6	127	102	53	155												
"HI"	2012	"13-01"	70	1741	936	2	13		135	28	166	724	50	17	68	539	141	701	186	935	130	37	167	694	46	21	67	518	175	693	233	927	133	54	557	24	13	103	157	67	660	744	140	884	125	43	456	34	18	181	159	61	637	624	233	857												
"HI"	2012	"13-02"	71	6284	3482	2	13		631	142	795	2716	188	34	227	1897	428	2442	604	3464	598	195	793	2624	182	42	224	1844	567	2411	804	3428	653	187	1949	103	26	355	756	213	2304	2789	484	3273	548	154	1430	178	51	824	726	205	2254	2132	1053	3185												
"HI"	2012	"13-03"	72	1345	716	2	13		136	38	180	596	20	3	24	440	55	508	96	712	123	54	177	535	16	8	24	396	105	501	167	702	147	22	442	27	2	40	174	24	482	611	69	680	126	17	387	47	7	102	173	24	489	530	156	686												
"HI"	2012	"13-04"	73	1695	954	2	13		183	63	250	772	4	0	4	585	104	697	167	951	168	80	248	715	4	0	4	543	148	691	228	943	202	4	595	39	0	77	241	4	672	801	116	917	170	4	547	65	0	112	235	4	659	721	177	898												
"HI"	2012	"13-05"	74	623	383	2	13		41	27	69	291	59	8	67	191	50	245	85	381	38	30	68	263	55	12	67	170	74	244	116	379	50	58	202	14	8	33	64	66	235	310	55	365	37	45	171	24	18	56	61	63	227	253	98	351												
"HI"	2012	"13-06"	75	1994	1202	2	13		132	27	163	929	317	66	387	480	154	642	247	1192	122	38	160	854	294	89	383	438	204	642	331	1185	140	341	512	19	34	111	159	375	623	993	164	1157	119	310	474	29	64	134	148	374	608	903	227	1130												
"HI"	2012	"13-07"	76	354	180	2	13		18	18	39	111	20	8	29	73	34	110	60	178	16	22	38	100	18	9	27	66	44	110	75	175	19	20	81	17	7	26	36	27	107	120	50	170	18	16	69	19	10	39	37	26	108	103	68	171												
"HI"	2012	"13-08"	77	1119	643	2	13		83	8	95	530	101	11	113	346	78	430	97	638	80	13	93	504	89	22	111	335	91	426	126	630	82	99	371	11	7	50	93	106	421	552	68	620	71	89	342	16	18	79	87	107	421	502	113	615												
"HI"	2012	"13-09"	78	48	27	2	13		25	2	27	25	0	0	0	0	0	0	2	27	25	2	27	25	0	0	0	0	0	0	2	27	21	0	0	5	0	0	26	0	0	21	5	26	19	0	0	5	0	0	24	0	0	19	5	24												
"HI"	2012	"14-01"	79	2670	1630	2		8	290	149	448	1012	82	41	129	640	346	1047	536	1624	282	160	442	1016	79	50	129	655	369	1024	579	1595	320	92	732	102	36	244	422	128	976	1144	382	1526													260	85	609	142	37	306	402	122	915	954	485	1439
"HI"	2012	"14-02"	80	2506	1594	2		8	344	92	454	1165	94	27	124	727	211	1001	330	1579	329	124	453	1176	94	29	123	753	233	986	386	1562	357	100	797	72	19	157	429	119	954	1254	248	1502													303	82	687	97	34	216	400	116	903	1072	347	1419
"HI"	2012	"14-03"	81	1517	916	2		8	199	47	250	729	80	25	108	450	81	546	153	904	188	58	246	701	79	28	107	434	108	542	194	895	209	86	450	35	17	69	244	103	519	745	121	866													175	81	395	42	18	84	217	99	479	651	144	795
"HI"	2012	"14-04"	82	5241	3215	2		8	786	223	1026	2363	338	124	475	1239	381	1676	728	3177	776	251	1027	2322	329	140	469	1217	427	1644	818	3140	838	365	1326	153	90	243	991	455	1569	2529	486	3015													756	335	1212	185	92	296	941	427	1508	2303	573	2876
"HI"	2012	"14-05"	83	1940	1191	2		8	385	92	481	903	183	59	244	335	106	457	257	1182	375	106	481	861	173	69	242	313	136	449	311	1172	388	202	358	58	31	72	446	233	430	948	161	1109													377	181	313	63	40	102	440	221	415	871	205	1076
"HI"	2012	"15-01"	84	4097	2618	2		8	615	246	882	1764	400	163	574	749	352	1142	761	2598	583	282	865	1681	372	193	565	726	401	1127	876	2557	663	447	846	172	104	228	835	551	1074	1956	504	2460													597	401	692	188	140	313	785	541	1005	1690	641	2331
"HI"	2012	"15-02"	85	1915	1129	2		8	258	45	307	935	158	32	194	519	98	622	175	1123	242	62	304	879	148	41	189	489	128	617	231	1110	248	167	528	35	14	57	283	181	585	943	106	1049													237	160	502	40	20	79	277	180	581	899	139	1038
"HI"	2012	"15-03"	86	2868	1902	2		8	594	131	733	1462	364	95	464	504	169	684	395	1881	578	158	736	1389	340	113	453	471	202	673	473	1862	602	379	547	86	63	104	688	442	651	1528	253	1781													574	377	508	100	51	121	674	428	629	1459	272	1731
"HI"	2012	"15-04"	87	3732	2438	2		8	668	210	888	1752	378	111	498	706	304	1031	625	2417	649	238	887	1664	343	151	494	672	347	1019	736	2400	705	407	789	112	67	185	817	474	974	1901	364	2265													656	390	712	146	82	232	802	472	944	1758	460	2218
"HI"	2012	"15-05"	88	815	511	2		8	123	34	160	369	73	18	91	173	73	252	125	503	114	47	161	348	68	25	93	166	85	251	157	505	134	84	183	23	5	50	157	89	233	401	78	479													113	69	165	33	14	65	146	83	230	347	112	459
"HI"	2012	"16-01"	89	2868	1841	2	16	8	460	170	633	1276	184	73	262	632	261	923	504	1818	435	195	630	1219	174	83	257	610	306	916	584	1803	501	205	733	104	46	136	605	251	869	1439	286	1725	441	181	556	139	66	260	580	247	816	1178	465	1643	454	190	613	129	59	225	583	249	838	1257	413	1670
"HI"	2012	"16-02"	90	4040	2678	2	16	8	658	247	922	1833	271	93	370	904	433	1365	773	2657	631	286	917	1747	249	114	363	867	482	1349	882	2629	717	283	965	146	64	300	863	347	1265	1965	510	2475	658	258	814	180	76	377	838	334	1191	1730	633	2363	615	256	861	198	75	383	813	331	1244	1732	656	2388
"HI"	2012	"16-03"	91	3092	1861	2	16	8	507	118	632	1477	145	27	172	825	188	1030	333	1834	484	151	635	1409	138	33	171	787	237	1024	421	1830	530	147	820	75	14	134	605	161	954	1497	223	1720	532	141	788	65	19	152	597	160	940	1461	236	1697	493	128	750	94	31	192	587	159	942	1371	317	1688
"HI"	2012	"16-04"	92	1334	841	2	16	8	235	44	283	670	50	12	64	385	85	483	141	830	232	53	285	650	46	19	65	372	105	477	177	827	230	55	397	25	7	56	255	62	453	682	88	770	254	51	415	18	11	38	272	62	453	720	67	787	235	54	371	31	7	74	266	61	445	660	112	772
"HI"	2012	"16-05"	93	2003	1190	2	16	8	255	51	316	902	67	18	86	580	189	782	258	1184	245	63	308	887	64	21	85	578	189	767	273	1160	268	70	589	31	11	128	299	81	717	927	170	1097	263	66	591	36	14	114	299	80	705	920	164	1084	230	64	521	61	17	172	291	81	693	815	250	1065
"HI"	2012	"16-06"	94	100	62	2	16	8	29	27	61	29	0	0	0	0	0	0	27	61	24	36	60	24	0	0	0	0	0	0	36	60	31	0	0	27	0	0	58	0	0	31	27	58	40	0	0	16	0	0	56	0	0	40	16	56	48	0	0	12	0	0	60	0	0	48	12	60
"HI"	2012	"17-01"	95	4188	3048	1		25	1175	380	1565	2187	112	39	152	900	397	1319	816	3036	979	566	1545	1817	100	50	150	738	566	1304	1182	2999	872	89	615	679	63	690	1551	152	1305	1576	1432	3008													942	90	726	531	56	533	1473	146	1259	1758	1120	2878
"HI"	2012	"17-02"	96	3185	2215	1		25	451	382	837	1198	96	86	183	651	517	1184	985	2204	364	467	831	955	77	105	182	514	664	1178	1236	2191	324	81	474	509	102	689	833	183	1163	879	1300	2179													347	77	530	445	102	596	792	179	1126	954	1143	2097
"HI"	2012	"17-03"	97	6416	4656	1		9	1353	696	2067	2961	179	126	308	1429	798	2257	1620	4632	1126	928	2054	2446	151	155	306	1169	1061	2230	2144	4590	1021	138	1036	1041	167	1190	2062	305	2226	2195	2398	4593													703	105	863	1242	189	1228	1945	294	2091	1671	2659	4330
"HI"	2012	"17-04"	98	3414	2411	1		9	583	341	939	1523	115	67	184	825	435	1277	843	2400	450	475	925	1231	104	80	184	677	595	1272	1150	2381	410	100	579	516	82	682	926	182	1261	1089	1280	2369													326	76	493	545	98	678	871	174	1171	895	1321	2216
"HI"	2012	"18-01"	99	5771	3963	1	18	9	1256	591	1866	2665	179	88	269	1230	550	1813	1229	3948	1029	820	1849	2198	143	124	267	1026	764	1790	1708	3906	938	133	925	898	136	851	1836	269	1776	1996	1885	3881	1152	166	1127	610	90	546	1762	256	1673	2445	1246	3691	649	99	776	1098	156	883	1747	255	1659	1524	2137	3661
"HI"	2012	"18-02"	100	1795	1385	1	18	9	374	164	545	913	51	23	75	488	253	755	440	1375	314	229	543	761	43	31	74	404	345	749	605	1366	283	42	336	258	33	406	541	75	742	661	697	1358	369	45	461	152	27	263	521	72	724	875	442	1317	226	37	371	290	35	356	516	72	727	634	681	1315
"HI"	2012	"18-03"	101	4519	3268	1	18	9	868	503	1375	2061	126	73	202	1067	579	1670	1155	3247	689	671	1360	1630	113	87	200	828	827	1655	1585	3215	602	101	735	760	100	897	1362	201	1632	1438	1757	3195	788	119	995	517	74	560	1305	193	1555	1902	1151	3053	427	76	601	849	113	923	1276	189	1524	1104	1885	2989
"HI"	2012	"18-04"	102	5930	4381	1	18	9	1349	793	2158	2728	190	119	310	1189	679	1889	1591	4357	1076	1054	2130	2169	151	155	306	942	917	1859	2126	4295	983	153	863	1144	152	986	2127	305	1849	1999	2282	4281	1010	152	927	932	140	794	1942	292	1721	2089	1866	3955	629	103	707	1315	184	989	1944	287	1696	1439	2488	3927
"HI"	2012	"19-01"	103	5267	3788	1	19	9	1016	760	1794	2204	154	115	273	1034	641	1695	1516	3762	817	953	1770	1787	131	139	270	839	834	1673	1926	3713	745	121	718	1024	147	930	1769	268	1648	1584	2101	3685	977	148	868	645	105	617	1622	253	1485	1993	1367	3360	454	91	590	1149	162	890	1603	253	1480	1135	2201	3336
"HI"	2012	"19-02"	104	1271	851	1	19	9	163	88	258	582	50	15	66	369	133	517	236	841	142	113	255	521	46	18	64	333	179	512	310	831	134	43	301	122	20	201	256	63	502	478	343	821	160	46	325	78	9	137	238	55	462	531	224	755	106	35	245	126	22	190	232	57	435	386	338	724
"HI"	2012	"19-03"	105	3689	2598	1	19	9	774	296	1077	1890	104	38	143	1012	330	1366	664	2586	669	395	1064	1612	89	47	136	854	489	1343	931	2543	609	84	760	451	56	584	1060	140	1344	1453	1091	2544	747	94	875	258	35	372	1005	129	1247	1716	665	2381	403	64	633	563	65	596	966	129	1229	1100	1224	2324
"HI"	2012	"19-04"	106	3547	2332	1	19	10	790	231	1030	1744	105	35	144	849	275	1143	541	2317	664	355	1019	1498	96	46	142	738	385	1123	786	2284	579	92	661	444	51	461	1023	143	1122	1332	956	2288	747	106	765	225	30	281	972	136	1046	1618	536	2154	752	106	809	198	26	224	950	132	1033	1667	448	2115
"HI"	2012	"19-05"	107	1838	1238	1	19	10	426	116	543	942	70	17	88	446	134	595	267	1226	367	174	541	817	61	26	87	389	203	592	403	1220	337	57	348	200	29	240	537	86	588	742	469	1211	417	71	403	95	12	153	512	83	556	891	260	1151	413	72	453	92	12	100	505	84	553	938	204	1142
"HI"	2012	"20-01"	108	4978	3458	1	20	10	1092	423	1534	2497	223	74	305	1182	380	1600	877	3439	937	586	1523	2150	196	106	302	1017	565	1582	1257	3407	837	180	902	675	121	656	1512	301	1558	1919	1452	3371	864	148	637	207	54	212	1478	297	1509	1649	473	3284	1027	206	1018	348	77	366	1375	283	1384	2251	791	3042
"HI"	2012	"20-02"	109	3633	2380	1	20	10	693	189	890	1797	110	18	132	994	311	1339	518	2361	642	240	882	1646	107	24	131	897	437	1334	701	2347	591	97	771	292	35	536	883	132	1307	1459	863	2322	582	76	675	83	9	121	872	132	1302	1333	213	2306	693	105	908	139	18	272	832	123	1180	1706	429	2135
"HI"	2012	"20-03"	110	3686	2485	1	20	10	839	209	1061	1916	111	25	139	966	280	1271	514	2471	737	312	1049	1685	103	33	136	845	413	1258	758	2443	667	89	758	377	46	492	1044	135	1250	1514	915	2429	759	86	723	89	12	128	1041	133	1236	1568	229	2410	792	105	905	168	24	240	960	129	1145	1802	432	2234
"HI"	2012	"20-04"	111	3111	2154	1	20	10	679	220	914	1582	107	29	136	796	268	1092	517	2142	594	304	898	1381	95	39	134	692	389	1081	732	2113	549	92	647	353	43	414	902	135	1061	1288	810	2098	576	78	500	135	16	113	891	134	1001	1154	264	2026	626	97	666	191	27	210	817	124	876	1389	428	1817
"HI"	2012	"21-01"	112	755	436	1		10	115	30	148	329	18	6	26	196	54	260	90	434	102	44	146	295	19	6	25	174	82	256	132	427	91	18	152	56	7	103	147	25	255	261	166	427													106	19	181	28	5	54	134	24	235	306	87	393
"HI"	2012	"21-02"	113	2506	1513	1		10	466	109	578	1195	93	22	115	636	164	816	295	1509	417	158	575	1072	83	32	115	572	233	805	423	1495	363	74	517	209	41	276	572	115	793	954	526	1480													450	79	578	90	25	150	540	104	728	1107	265	1372
"HI"	2012	"21-03"	114	6296	3701	1		10	1054	309	1383	2718	233	56	293	1431	522	2008	887	3684	916	448	1364	2360	195	93	288	1249	736	1985	1277	3637	854	192	1130	508	96	832	1362	288	1962	2176	1436	3612													961	201	1265	277	58	477	1238	259	1742	2427	812	3239
"HI"	2012	"21-04"	115	2123	1262	1		12	407	96	508	971	70	21	92	494	138	647	255	1247	350	156	506	842	58	29	87	434	203	637	388	1230	330	59	390	175	34	243	505	93	633	779	452	1231													343	59	402	121	24	182	464	83	584	804	327	1131
"HI"	2012	"22-01"	116	6115	3114	1	22	12	651	336	1002	2043	196	68	277	1196	569	1822	973	3101	553	439	992	1805	176	98	274	1076	719	1795	1256	3061	517	169	991	467	102	773	984	271	1764	1677	1342	3019	624	188	1127	292	61	472	916	249	1599	1939	825	2764	562	181	978	357	70	635	919	251	1613	1721	1062	2783
"HI"	2012	"22-02"	117	5820	3265	1	22	12	824	511	1363	1999	274	131	410	901	533	1477	1175	3250	735	615	1350	1765	248	162	410	782	671	1453	1448	3213	682	238	703	653	170	724	1335	408	1427	1623	1547	3170	875	278	895	378	101	421	1253	379	1316	2048	900	2948	745	247	770	487	130	540	1232	377	1310	1762	1157	2919
"HI"	2012	"22-03"	118	840	583	1	22	12	173	127	302	369	45	26	72	151	54	207	207	581	150	151	301	302	32	39	71	120	86	206	276	578	143	34	111	155	35	84	298	69	195	288	274	562	170	39	121	91	18	52	261	57	173	330	161	491	152	35	109	120	23	66	272	58	175	296	209	505
"HI"	2012	"23-01"	119	243	160	1	23	10	114	38	152	119	5	2	7	0	0	0	40	159	91	57	148	96	5	2	7	0	0	0	59	155	83	2	0	67	5	0	150	7	0	85	72	157	95	4	0	36	3	0	131	7	0	99	39	138	107	3	0	36	2	0	143	5	0	110	38	148
"HI"	2012	"23-02"	120	5004	2887	1	23	11	848	249	1108	2168	180	59	240	1140	328	1520	636	2868	739	346	1085	1895	155	83	238	1001	477	1478	906	2801	688	154	907	395	85	539	1083	239	1446	1749	1019	2768	774	159	995	191	56	308	965	215	1303	1928	555	2483	854	173	1090	168	50	277	1022	223	1367	2117	495	2612
"HI"	2012	"23-03"	121	603	375	1	23	12	89	31	120	271	33	9	42	149	51	208	91	370	75	45	120	234	26	17	43	133	75	208	137	371	62	31	122	57	12	82	119	43	204	215	151	366	86	32	138	21	8	40	107	40	178	256	69	325	78	35	122	32	5	59	110	40	181	235	96	331
"HI"	2012	"23-04"	122	4101	2908	1	23	11	829	305	1150	2094	155	39	200	1110	387	1539	731	2889	661	455	1116	1784	144	55	199	979	524	1503	1034	2818	648	132	910	485	64	580	1133	196	1490	1690	1129	2819	836	145	1080	195	36	279	1031	181	1359	2061	510	2571	904	159	1182	171	32	251	1075	191	1433	2245	454	2699
"HI"	2012	"23-05"	123	5388	4105	1	23	11	1404	429	1850	3062	188	56	247	1470	479	1982	964	4079	1239	587	1826	2708	171	73	244	1298	665	1963	1325	4033	1136	164	1183	689	79	764	1825	243	1947	2483	1532	4015	1497	184	1477	238	45	294	1735	229	1771	3158	577	3735	1541	194	1595	237	39	272	1778	233	1867	3330	548	3878
"HI"	2012	"24-01"	124	2524	1551	1	24	12	549	182	738	1121	108	41	149	464	172	654	395	1541	469	271	740	959	94	53	147	396	248	644	572	1531	421	86	372	306	60	263	727	146	635	879	629	1508	463	91	390	182	45	176	645	136	566	944	403	1347	450	101	366	188	34	201	638	135	567	917	423	1340
"HI"	2012	"24-02"	125	4665	2915	1	24	11	929	363	1310	2095	214	61	279	952	311	1299	735	2888	777	519	1296	1797	185	93	278	835	452	1287	1064	2861	715	189	730	573	93	524	1288	282	1254	1634	1190	2824	786	192	775	373	70	362	1159	262	1137	1753	805	2558	930	219	916	279	46	260	1209	265	1176	2065	585	2650
"HI"	2012	"24-03"	126	3729	2457	1	24	11	649	274	936	1698	152	59	218	897	360	1287	693	2441	528	399	927	1424	126	88	214	770	505	1275	992	2416	500	121	707	417	89	540	917	210	1247	1328	1046	2374	639	148	790	221	56	364	860	204	1154	1577	641	2218	657	153	852	190	51	295	847	204	1147	1662	536	2198
"HI"	2012	"24-04"	127	2692	1726	1	24	11	488	154	650	1269	128	44	174	653	218	893	416	1717	426	214	640	1109	114	60	174	569	311	880	585	1694	393	110	511	244	64	360	637	174	871	1014	668	1682	434	117	542	165	50	270	599	167	812	1093	485	1578	489	124	645	105	43	171	594	167	816	1258	319	1577
"HI"	2012	"25-01"	128	363	243	1		11	174	57	235	178	4	3	7	0	0	0	60	242	151	82	233	156	5	2	7	0	0	0	84	240	151	2	0	83	5	0	234	7	0	153	88	241													174	2	0	40	3	0	214	5	0	176	43	219
"HI"	2012	"25-02"	129	5219	3312	1		11	962	368	1355	2386	303	98	410	1121	360	1526	826	3291	858	479	1337	2089	272	135	407	959	545	1504	1159	3248	806	262	876	541	143	613	1347	405	1489	1944	1297	3241													955	296	1043	281	82	320	1236	378	1363	2294	683	2977
"HI"	2012	"25-03"	130	456	291	1		11	113	16	130	244	17	5	22	114	21	137	42	289	90	37	127	197	17	5	22	90	44	134	86	283	88	18	80	40	4	54	128	22	134	186	98	284													104	19	109	12	2	17	116	21	126	232	31	263
"HI"	2012	"25-04"	131	5699	3788	1			1106	348	1470	2805	278	87	373	1421	469	1928	904	3771	947	506	1453	2375	221	140	361	1207	687	1894	1333	3708	871	228	1109	579	139	789	1450	367	1898	2208	1507	3715																								
"HI"	2012	"25-05"	132	2574	1939	1			527	258	793	1279	108	64	172	644	305	962	627	1927	430	347	777	1061	88	82	170	543	409	952	838	1899	403	79	470	383	91	474	786	170	944	952	948	1900																								
"HI"	2012	"26-01"	133	4145	2357	1	26	12	734	222	970	1746	136	60	199	876	270	1170	552	2339	606	350	956	1475	130	67	197	739	419	1158	836	2311	573	119	656	378	76	468	951	195	1124	1348	922	2270	648	119	675	287	72	398	935	191	1073	1442	757	2199	613	125	687	256	58	340	869	183	1027	1425	654	2079
"HI"	2012	"26-02"	134	105	72	1	26	12	39	26	67	41	2	1	3	0	0	0	27	70	35	32	67	37	2	1	3	0	0	0	33	70	28	2	0	39	1	0	67	3	0	30	40	70	26	1	0	31	0	0	57	1	0	27	31	58	37	2	0	18	0	0	55	2	0	39	18	57
"HI"	2012	"26-03"	135	2914	1875	1	26	12	535	230	773	1293	127	82	211	631	237	882	549	1866	444	323	767	1094	110	98	208	540	329	869	750	1844	401	106	481	368	102	374	769	208	855	988	844	1832	403	111	441	291	86	359	694	197	800	955	736	1691	450	118	518	241	76	257	691	194	775	1086	574	1660
"HI"	2012	"26-04"	136	315	221	1	26	11	115	78	199	124	9	9	19	0	0	0	87	218	93	107	200	101	8	10	18	0	0	0	117	218	87	8	0	109	11	0	196	19	0	95	120	215	103	7	0	70	11	0	173	18	0	110	81	191	105	9	0	71	7	0	176	16	0	114	78	192
"HI"	2012	"26-05"	137	310	206	1	26	11	147	48	197	152	5	2	7	0	0	0	50	204	127	67	194	131	4	3	7	0	0	0	70	201	124	5	0	68	2	0	192	7	0	129	70	199	128	3	0	53	4	0	181	7	0	131	57	188	141	5	0	32	2	0	173	7	0	146	34	180
"HI"	2012	"26-06"	138	2257	1464	1	26	12	489	204	697	1009	194	89	285	326	137	477	430	1459	410	275	685	836	172	108	280	254	216	470	599	1435	385	163	247	296	116	215	681	279	462	795	627	1422	418	166	235	230	101	176	648	267	411	819	507	1326	408	178	263	207	87	149	615	265	412	849	443	1292
"HI"	2012	"26-07"	139	2075	1302	1	26		357	186	554	826	140	77	222	329	179	517	442	1293	307	239	546	709	125	96	221	277	239	516	574	1283	276	122	265	268	100	249	544	222	514	663	617	1280	305	121	253	205	87	217	510	208	470	679	509	1188												
"HI"	2012	"27-01"	140	337	236	1	27		96	23	119	185	19	7	26	70	17	87	47	232	79	39	118	145	11	13	24	55	31	86	83	228	72	13	47	46	13	37	118	26	84	132	96	228	81	17	59	36	8	27	117	25	86	157	71	228												
"HI"	2012	"27-02"	141	3542	2048	1	27		658	222	888	1508	106	30	138	744	252	1012	504	2038	537	342	879	1231	86	52	138	608	382	990	776	2007	486	84	577	382	54	406	868	138	983	1147	842	1989	453	57	511	407	76	452	860	133	963	1021	935	1956												
"HI"	2012	"27-03"	142	6429	4571	1	27		1494	503	2017	3349	287	95	388	1568	526	2135	1124	4540	1252	744	1996	2802	249	137	386	1301	802	2103	1683	4485	1129	232	1174	857	151	922	1986	383	2096	2535	1930	4465	1133	209	1191	836	168	885	1969	377	2076	2533	1889	4422												
"HI"	2012	"27-04"	143	2351	1702	1	27		499	165	672	1223	115	43	161	609	237	856	445	1689	411	258	669	1033	97	58	155	525	324	849	640	1673	380	93	463	283	67	383	663	160	846	936	733	1669	392	98	539	272	60	294	664	158	833	1029	626	1655												
"HI"	2012	"27-05"	144	265	160	1	27		118	33	151	122	4	3	8	0	0	0	36	159	99	50	149	104	5	3	8	0	0	0	53	157	81	5	0	66	3	0	147	8	0	86	69	155	98	5	0	49	3	0	147	8	0	103	52	155												
"HI"	2012	"28-01"	145	2570	1432	1	28		428	93	523	1100	60	15	75	612	205	826	313	1424	368	152	520	961	50	24	74	543	280	823	456	1417	314	42	467	198	31	339	512	73	806	823	568	1391	409	50	656	100	23	145	509	73	801	1115	268	1383												
"HI"	2012	"28-02"	146	1734	1008	1	28		275	104	382	747	46	20	69	426	121	552	245	1003	240	136	376	649	43	26	69	366	181	547	343	992	228	38	300	144	30	245	372	68	545	566	419	985	292	43	402	79	24	126	371	67	528	737	229	966												
"HI"	2012	"28-03"	147	4850	2918	1	28		799	268	1078	2129	134	52	190	1196	418	1632	738	2900	702	372	1074	1858	118	70	188	1038	582	1620	1024	2882	660	113	938	408	73	664	1068	186	1602	1711	1145	2856	774	126	1200	255	57	381	1029	183	1581	2100	693	2793												
"HI"	2012	"28-04"	148	1227	619	1	28		173	43	219	489	25	8	33	291	65	361	116	613	144	76	220	409	18	15	33	247	110	357	201	610	139	18	217	82	14	140	221	32	357	374	236	610	178	22	292	39	7	62	217	29	354	492	108	600												
"HI"	2012	"29-01"	149	3330	1849	1			618	215	853	1310	152	49	202	540	219	773	483	1828	495	344	839	1044	123	71	194	426	331	757	746	1790	462	122	387	373	77	358	835	199	745	971	808	1779																								
"HI"	2012	"29-02"	150	2674	1101	1			301	112	417	793	54	24	78	438	150	602	286	1097	241	170	411	674	52	25	77	381	205	586	400	1074	210	49	337	196	29	244	406	78	581	596	469	1065																								
"HI"	2012	"29-03"	151	2297	1137	1			339	89	432	850	39	22	61	472	157	638	268	1131	305	122	427	744	34	27	61	405	221	626	370	1114	281	26	363	149	35	259	430	61	622	670	443	1113																								
"HI"	2012	"29-04"	152	788	474	1			139	47	189	338	22	9	31	177	69	251	125	471	132	56	188	303	17	14	31	154	94	248	164	467	120	18	120	69	13	129	189	31	249	258	211	469																								
"HI"	2012	"30-01"	153	2057	1096	1			313	81	398	832	48	15	63	471	152	630	248	1091	284	113	397	746	43	20	63	419	205	624	338	1084	259	40	371	137	23	249	396	63	620	670	409	1079																								
"HI"	2012	"30-02"	154	3595	1764	1			822	232	1059	1331	67	18	85	442	158	603	408	1747	715	346	1061	1178	62	21	83	401	198	599	565	1743	691	56	330	366	27	267	1057	83	597	1077	660	1737																								
"HI"	2012	"30-03"	155	1067	280	1			43	25	68	145	8	12	20	94	96	192	133	280	29	34	63	109	7	13	20	73	114	187	161	270	32	8	66	31	12	117	63	20	183	106	160	266																								
"HI"	2012	"30-04"	156	1394	703	1		16	179	54	235	525	27	4	31	319	114	436	172	702	167	63	230	476	25	5	30	284	146	430	214	690	149	22	229	83	8	197	232	30	426	400	288	688													173	23	275	44	5	122	217	28	397	471	171	642
"HI"	2012	"31-01"	157	2108	1454	1	31		431	157	589	1038	56	21	77	551	215	775	393	1441	364	209	573	891	45	31	76	482	291	773	531	1422	349	39	406	233	36	364	582	75	770	794	633	1427	131	18	179	432	51	553	563	69	732	328	1036	1364												
"HI"	2012	"31-02"	158	736	239	1	31		15	23	40	121	7	9	16	99	79	183	111	239	14	20	34	109	7	9	16	88	93	181	122	231	14	4	77	21	12	97	35	16	174	95	130	225	12	5	71	20	11	88	32	16	159	88	119	207												
"HI"	2012	"31-03"	159	4420	2651	1	31		544	293	844	1742	94	50	147	1104	526	1652	869	2643	448	386	834	1407	74	74	148	885	749	1634	1209	2616	417	65	785	414	81	832	831	146	1617	1267	1327	2594	273	42	543	520	99	1015	793	141	1558	858	1634	2492												
"HI"	2012	"31-04"	160	678	351	1	31		93	40	135	234	22	7	30	119	65	186	112	351	63	69	132	174	18	12	30	93	91	184	172	346	61	19	70	74	11	109	135	30	179	150	194	344	39	18	64	77	9	110	116	27	174	121	196	317												
"HI"	2012	"31-05"	161	1	0	1	31	16	0	0	0	0	0	0	0	0	0	0	0	0	0	0	0	0	0	0	0	0	0	0	0	0	0	0	0	0	0	0	0	0	0	0	0	0	0	0	0	0	0	0	0	0	0	0	0	0	0	0	0	0	0	0	0	0	0	0	0	0
"HI"	2012	"31-06"	162	3341	1929	1	31	16	508	219	730	1305	82	33	120	715	351	1074	603	1924	480	246	726	1163	68	51	119	615	447	1062	744	1907	435	68	537	285	51	512	720	119	1049	1040	848	1888	285	46	417	391	68	573	676	114	990	748	1032	1780	511	75	675	161	38	302	672	113	977	1261	501	1762
"HI"	2012	"32-01"	163	2073	1539	1	32		539	155	704	1111	54	32	86	518	214	742	401	1532	464	230	694	933	38	47	85	431	309	740	586	1519	412	37	397	285	48	331	697	85	728	846	664	1510	493	47	464	208	36	260	701	83	724	1004	504	1508												
"HI"	2012	"32-02"	164	5341	3357	1	32		991	402	1416	2359	180	44	231	1188	484	1691	930	3338	857	544	1401	1949	144	85	229	948	717	1665	1346	3295	814	131	819	587	102	832	1401	233	1651	1764	1521	3285	1003	178	1095	383	49	525	1386	227	1620	2276	957	3233												
"HI"	2012	"32-03"	165	5714	3464	1	32		980	365	1354	2475	109	39	150	1386	532	1940	936	3444	855	488	1343	2086	92	55	147	1139	787	1926	1330	3416	773	84	1008	569	65	893	1342	149	1901	1865	1527	3392	996	106	1325	326	36	552	1322	142	1877	2427	914	3341												
"HI"	2012	"33-01"	166	2921	2122	1	33		672	237	923	1557	79	28	107	806	270	1081	535	2111	592	323	915	1339	59	49	108	688	384	1072	756	2095	537	63	610	382	45	455	919	108	1065	1210	882	2092	600	65	622	294	39	435	894	104	1057	1287	768	2055												
"HI"	2012	"33-02"	167	210	122	1	33		89	32	122	89	0	0	0	0	0	0	32	122	75	46	121	75	0	0	0	0	0	0	46	121	67	0	0	53	0	0	120	0	0	67	53	120	85	0	0	34	0	0	119	0	0	85	34	119												
"HI"	2012	"33-03"	168	147	97	1	33	16	36	5	42	75	4	0	4	35	16	51	21	97	30	12	42	66	3	0	3	33	18	51	30	96	28	1	33	14	2	18	42	3	51	62	34	96	24	3	34	17	1	15	41	4	49	61	33	94	30	3	36	6	0	10	36	3	46	69	16	85
"HI"	2012	"33-04"	169	3702	2700	1	33	16	884	334	1224	1886	94	36	130	908	413	1337	783	2691	763	435	1198	1587	68	58	126	756	563	1319	1056	2643	718	67	691	492	62	611	1210	129	1302	1476	1165	2641	798	72	767	399	54	518	1197	126	1285	1637	971	2608	894	85	853	214	32	326	1108	117	1179	1832	572	2404
"HI"	2012	"33-05"	170	3494	2392	1	33	16	738	328	1078	1604	89	35	124	777	384	1175	747	2377	613	449	1062	1336	72	49	121	651	519	1170	1017	2353	566	68	578	498	55	591	1064	123	1169	1212	1144	2356	653	67	687	393	54	448	1046	121	1135	1407	895	2302	774	88	782	222	28	296	996	116	1078	1644	546	2190
"HI"	2012	"33-06"	171	5011	3773	1	33	16	1470	525	2011	2715	126	56	183	1119	423	1552	1004	3746	1256	730	1986	2317	114	68	182	947	598	1545	1396	3713	1157	100	830	835	84	697	1992	184	1527	2087	1616	3703	1570	128	1102	403	50	402	1973	178	1504	2800	855	3655	1567	148	1158	265	28	247	1832	176	1405	2873	540	3413
"HI"	2012	"34-01"	172	5674	3695	1		16	1082	374	1474	2569	155	74	231	1332	613	1977	1061	3682	910	545	1455	2208	138	90	228	1160	807	1967	1442	3650	842	137	1016	611	91	942	1453	228	1958	1995	1644	3639													1116	165	1378	249	53	437	1365	218	1815	2659	739	3398
"HI"	2012	"34-02"	173	5449	3867	1		16	1601	372	1984	3004	126	47	174	1277	391	1681	810	3839	1479	489	1968	2694	102	71	173	1113	552	1665	1112	3806	1365	99	963	610	76	706	1975	175	1669	2427	1392	3819													1664	131	1279	218	32	286	1882	163	1565	3074	536	3610
"HI"	2012	"34-03"	174	4242	2893	1			839	280	1131	2016	95	35	130	1082	508	1603	823	2864	728	410	1138	1738	77	55	132	933	663	1596	1128	2866	664	76	816	472	56	770	1136	132	1586	1556	1298	2854																								
"HI"	2012	"35-01"	175	804	389	1		16	130	37	171	283	9	2	11	144	58	204	97	386	119	51	170	257	8	3	11	130	70	200	124	381	108	6	108	63	5	93	171	11	201	222	161	383													128	8	137	32	3	49	160	11	186	273	84	357
"HI"	2012	"35-02"	176	4669	2954	1			966	305	1287	2175	85	32	118	1124	384	1528	721	2933	858	420	1278	1938	75	42	117	1005	511	1516	973	2911	800	68	874	484	50	638	1284	118	1512	1742	1172	2914																								
"HI"	2012	"35-03"	177	0	0	1		18	0	0	0	0	0	0	0	0	0	0	0	0	0	0	0	0	0	0	0	0	0	0	0	0	0	0	0	0	0	0	0	0	0	0	0	0													0	0	0	0	0	0	0	0	0	0	0	0
"HI"	2012	"35-04"	178	2261	1449	1			342	135	481	979	43	16	60	594	302	903	453	1444	286	190	476	820	33	27	60	501	397	898	614	1434	261	31	432	216	30	459	477	61	891	724	705	1429																								
"HI"	2012	"35-05"	179	685	510	1		18	161	63	225	351	37	8	46	153	81	235	152	506	138	87	225	286	32	14	46	116	116	232	217	503	120	26	116	104	20	119	224	46	235	262	243	505													163	35	165	40	10	54	203	45	219	363	104	467
"HI"	2012	"35-06"	180	2142	1151	1			300	109	414	803	33	9	42	470	211	688	329	1144	281	134	415	718	22	20	42	415	267	682	421	1139	250	22	378	164	19	296	414	41	674	650	479	1129																								
"HI"	2012	"35-07"	181	980	359	1		20	70	24	96	257	6	1	7	181	71	253	96	356	69	27	96	233	6	1	7	158	96	254	124	357	58	6	143	34	1	110	92	7	253	207	145	352													77	7	180	15	0	59	92	7	239	264	74	338
"HI"	2012	"36-01"	182	5400	3930	1	36	22	1081	429	1522	2597	129	90	222	1387	772	2175	1291	3919	864	636	1500	2114	107	113	220	1143	1014	2157	1763	3877	805	92	1040	698	128	1112	1503	220	2152	1937	1938	3875	762	103	891	725	120	1258	1487	223	2149	1756	2103	3859	1049	146	1407	363	69	656	1412	215	2063	2602	1088	3690
"HI"	2012	"36-02"	183	5441	3879	1	36	22	985	462	1451	2524	145	65	213	1394	773	2189	1300	3853	826	607	1433	2091	107	102	209	1158	1030	2188	1739	3830	750	113	1050	692	97	1122	1442	210	2172	1913	1911	3824	693	106	956	716	102	1209	1409	208	2165	1755	2027	3782	993	142	1471	363	56	606	1356	198	2077	2606	1025	3631
"HI"	2012	"36-03"	184	4096	2615	1	36	18	613	315	933	1685	63	41	106	1009	545	1570	901	2609	510	417	927	1413	58	48	106	845	712	1557	1177	2590	450	55	741	474	51	798	924	106	1539	1246	1323	2569	462	59	806	442	46	716	904	105	1522	1327	1204	2531	600	66	1021	283	39	458	883	105	1479	1687	780	2467
"HI"	2012	"37-01"	185	4249	2891	1	37	18	703	280	992	1992	114	40	156	1175	530	1726	850	2874	594	382	976	1687	87	66	153	1006	711	1717	1159	2846	558	93	896	425	63	804	983	156	1700	1547	1292	2839	792	128	1318	155	19	317	947	147	1635	2238	491	2729	708	121	1198	222	23	424	930	144	1622	2027	669	2696
"HI"	2012	"37-02"	186	4842	3353	1	37	18	1004	391	1406	2296	144	58	202	1148	560	1730	1009	3338	830	568	1398	1927	129	69	198	968	749	1717	1386	3313	784	125	872	618	75	837	1402	200	1709	1781	1530	3311	1105	166	1262	214	29	362	1319	195	1624	2533	605	3138	977	155	1191	328	41	454	1305	196	1645	2323	823	3146
"HI"	2012	"37-03"	187	4437	3147	1	37	18	884	366	1260	2108	116	43	160	1108	582	1719	991	3139	739	501	1240	1804	98	61	159	967	738	1705	1300	3104	669	93	861	571	66	840	1240	159	1701	1623	1477	3100	1000	124	1229	210	27	407	1210	151	1636	2353	644	2997	894	110	1128	257	39	494	1151	149	1622	2132	790	2922
"HI"	2012	"37-04"	188	3225	2145	1	37	18	515	233	755	1432	97	56	154	820	399	1227	688	2136	405	347	752	1160	78	75	153	677	545	1222	967	2127	383	73	612	367	78	602	750	151	1214	1068	1047	2115	549	106	881	136	40	247	685	146	1128	1536	423	1959	495	96	803	188	50	344	683	146	1147	1394	582	1976
"HI"	2012	"38-01"	189	4519	2577	1			672	248	923	1915	72	29	101	1171	363	1542	640	2566	568	346	914	1614	60	39	99	986	542	1528	927	2541	523	55	876	390	46	642	913	101	1518	1454	1078	2532																								
"HI"	2012	"38-02"	190	4084	2194	1			689	191	882	1654	59	24	85	906	302	1212	517	2179	620	263	883	1444	53	32	85	771	434	1205	729	2173	564	51	719	315	34	480	879	85	1199	1334	829	2163																								
"HI"	2012	"38-03"	191	2166	1146	1			295	109	406	875	41	14	56	539	132	676	255	1138	270	129	399	763	32	24	56	461	209	670	362	1125	260	25	399	143	32	272	403	57	671	684	447	1131																								
"HI"	2012	"38-04"	192	900	395	1		20	107	28	135	303	9	0	9	187	61	249	89	393	89	44	133	251	6	2	8	156	89	245	135	386	86	7	132	44	2	111	130	9	243	225	157	382													116	6	190	17	3	50	133	9	240	312	70	382
"HI"	2012	"39-01"	193	816	456	1	39		107	42	152	332	14	3	17	211	71	284	116	453	95	57	152	292	13	4	17	184	100	284	161	453	91	14	165	59	3	116	150	17	281	270	178	448	118	15	233	26	2	40	144	17	273	366	68	434												
"HI"	2012	"39-02"	194	6995	4175	2	39	18	933	437	1377	2784	213	114	328	1638	804	2457	1355	4162	808	568	1376	2375	163	165	328	1404	1029	2433	1762	4137	1075	258	1931	272	62	455	1347	320	2386	3264	789	4053	1024	238	1920	279	78	425	1303	316	2345	3182	782	3964	931	216	1595	358	87	677	1289	303	2272	2742	1122	3864
"HI"	2012	"39-03"	195	0	0	2	39	20	0	0	0	0	0	0	0	0	0	0	0	0	0	0	0	0	0	0	0	0	0	0	0	0	0	0	0	0	0	0	0	0	0	0	0	0	0	0	0	0	0	0	0	0	0	0	0	0	0	0	0	0	0	0	0	0	0	0	0	0
"HI"	2012	"39-04"	196	2232	1367	2	39	20	201	117	324	827	137	83	225	489	310	815	510	1364	172	149	321	716	122	100	222	422	388	810	637	1353	238	176	585	76	47	208	314	223	793	999	331	1330	175	132	464	112	85	265	287	217	729	771	462	1233	214	158	490	89	61	298	303	219	788	862	448	1310
"HI"	2012	"39-05"	197	2677	1513	1	39	20	415	195	611	1005	78	45	125	512	255	774	495	1510	345	264	609	861	71	54	125	445	318	763	636	1497	321	63	369	283	62	387	604	125	756	753	732	1485	392	77	494	146	40	199	538	117	693	963	385	1348	440	80	547	124	39	185	564	119	732	1067	348	1415
"HI"	2012	"40-01"	198	827	512	1	40	20	116	57	173	328	34	11	45	178	109	291	177	509	95	78	173	266	27	18	45	144	147	291	243	509	90	28	117	80	16	169	170	44	286	235	265	500	93	23	125	70	20	158	163	43	283	241	248	489	122	32	195	37	12	80	159	44	275	349	129	478
"HI"	2012	"40-02"	199	4584	2882	1	40		489	293	785	1742	179	106	288	1074	707	1798	1106	2871	400	380	780	1447	154	133	287	893	894	1787	1407	2854	351	143	756	430	141	1031	781	284	1787	1250	1602	2852	329	124	743	406	151	993	735	275	1736	1196	1550	2746												
"HI"	2012	"40-03"	200	6097	3152	1	40		575	293	874	2067	148	87	238	1344	655	2027	1035	3139	497	370	867	1816	136	97	233	1183	831	2014	1298	3114	450	129	1019	414	106	971	864	235	1990	1598	1491	3089	451	112	1044	374	117	920	825	229	1964	1607	1411	3018												
"HI"	2012	"40-04"	201	205	117	1	40		77	35	115	79	2	0	2	0	0	0	35	117	71	42	113	73	2	0	2	0	0	0	42	115	70	1	0	44	1	0	114	2	0	71	45	116	61	2	0	40	0	0	101	2	0	63	40	103												
"HI"	2012	"41-01"	202	139	63	1	41		14	4	18	38	3	2	5	21	19	40	25	63	11	7	18	30	2	3	5	17	23	40	33	63	10	2	17	8	3	23	18	5	40	29	34	63	8	3	22	10	1	16	18	4	38	33	27	60												
"HI"	2012	"41-02"	203	8028	4888	1	41		963	554	1533	2928	397	270	671	1568	1058	2663	1882	4867	797	722	1519	2480	336	326	662	1347	1298	2645	2346	4826	733	321	1180	784	344	1443	1517	665	2623	2234	2571	4805	861	361	1369	564	276	1132	1425	637	2501	2591	1972	4563												
"HI"	2012	"41-03"	204	4018	2242	1	41		645	186	846	1640	170	60	231	825	329	1159	575	2236	558	278	836	1401	139	90	229	704	448	1152	816	2217	514	132	599	314	98	539	828	230	1138	1245	951	2196	591	149	755	213	74	350	804	223	1105	1495	637	2132												
"HI"	2012	"41-04"	205	601	313	1	41	20	61	16	77	237	25	3	28	151	57	208	76	313	53	22	75	205	16	11	27	136	69	205	102	307	49	16	116	27	12	86	76	28	202	181	125	306	54	19	138	23	7	64	77	26	202	211	94	305	63	21	168	13	5	33	76	26	201	252	51	303
"HI"	2012	"42-01"	206	7323	4578	1	42	20	789	425	1226	2930	484	264	752	1657	898	2572	1587	4550	676	547	1223	2452	399	350	749	1377	1195	2572	2092	4544	631	371	1241	580	375	1302	1211	746	2543	2243	2257	4500	946	537	1875	215	192	589	1161	729	2464	3358	996	4354	955	519	1851	209	204	621	1164	723	2472	3325	1034	4359
"HI"	2012	"42-02"	207	2763	1660	2	42	20	266	154	428	1103	130	47	181	707	325	1046	526	1655	224	200	424	923	108	73	181	591	438	1029	711	1634	311	144	772	111	32	233	422	176	1005	1227	376	1603	310	136	713	116	41	308	426	177	1021	1159	465	1624	295	133	656	123	42	349	418	175	1005	1084	514	1598
"HI"	2012	"42-03"	208	4143	2640	2	42	20	409	302	719	1450	264	182	450	777	662	1467	1146	2636	341	366	707	1217	231	212	443	645	812	1457	1390	2607	488	327	1001	199	116	421	687	443	1422	1816	736	2552	496	316	922	197	124	475	693	440	1397	1734	796	2530	444	291	879	229	139	537	673	430	1416	1614	905	2519
"HI"	2012	"43-01"	209	200	119	1	43	20	74	41	117	75	1	0	1	0	0	0	41	118	65	50	115	66	1	0	1	0	0	0	50	116	55	1	0	60	0	0	115	1	0	56	60	116	70	1	0	38	0	0	108	1	0	71	38	109	90	1	0	22	0	0	112	1	0	91	22	113
"HI"	2012	"43-02"	210	622	245	1	43	20	32	15	48	158	34	18	52	92	51	144	84	244	35	14	49	150	29	23	52	86	57	143	94	244	32	31	81	17	21	59	49	52	140	144	97	241	37	31	93	8	21	38	45	52	131	161	67	228	37	32	95	10	20	40	47	52	135	164	70	234
"HI"	2012	"43-03"	211	1635	897	1	43	21	144	106	251	489	94	68	163	251	225	480	399	894	131	121	252	436	80	83	163	225	251	476	455	891	123	80	201	120	80	264	243	160	465	404	464	868	135	93	260	90	60	186	225	153	446	488	336	824	134	95	246	87	60	194	221	155	440	475	341	816
"HI"	2012	"43-04"	212	5609	2755	2	43	21	572	125	712	2116	188	59	249	1356	392	1777	576	2738	516	191	707	1895	158	92	250	1221	556	1777	839	2734	576	198	1462	119	49	286	695	247	1748	2236	454	2690	561	182	1385	128	64	345	689	246	1730	2128	537	2665	571	187	1417	116	62	317	687	249	1734	2175	495	2670
"HI"	2012	"43-05"	213	3601	1761	2	43	21	289	124	419	1149	100	63	164	760	385	1169	572	1752	254	158	412	1013	83	79	162	676	488	1164	725	1738	333	116	879	79	44	262	412	160	1141	1328	385	1713	305	101	775	98	56	352	403	157	1127	1181	506	1687	312	119	838	89	40	293	401	159	1131	1269	422	1691
"HI"	2012	"44-01"	214	6937	3344	2	44	21	685	199	900	2437	195	72	273	1557	552	2147	823	3320	621	277	898	2202	179	88	267	1402	730	2132	1095	3297	748	203	1716	140	66	371	888	269	2087	2667	577	3244	665	178	1553	200	79	521	865	257	2074	2396	800	3196	738	209	1663	158	51	437	896	260	2100	2610	646	3256
"HI"	2012	"44-02"	215	3961	1962	2	44	21	323	172	506	1342	108	54	163	911	341	1280	567	1949	304	197	501	1211	97	66	163	810	464	1274	727	1938	353	121	974	133	40	260	486	161	1234	1448	433	1881	327	103	902	161	57	311	488	160	1213	1332	529	1861	365	116	922	137	46	318	502	162	1240	1403	501	1904
"HI"	2012	"45-01"	216	4041	2740	1	45	18	722	327	1055	1765	83	58	141	960	555	1534	940	2730	634	416	1050	1533	79	61	140	820	711	1531	1188	2721	584	65	708	464	72	809	1048	137	1517	1357	1345	2702	537	58	576	483	77	916	1020	135	1492	1171	1476	2647	760	95	995	230	38	435	990	133	1430	1850	703	2553
"HI"	2012	"45-02"	217	1206	701	1	45	22	127	69	200	439	31	11	43	281	168	454	248	697	119	79	198	402	28	15	43	255	198	453	292	694	107	24	226	92	17	222	199	41	448	357	331	688	125	24	216	65	16	217	190	40	433	365	298	663	124	24	287	62	15	139	186	39	426	435	216	651
"HI"	2012	"45-03"	218	97	26	2	45	22	8	14	22	10	2	2	4	0	0	0	16	26	11	11	22	13	2	2	4	0	0	0	13	26	12	2	0	9	2	0	21	4	0	14	11	25	7	2	0	13	2	0	20	4	0	9	15	24	6	2	0	14	2	0	20	4	0	8	16	24
"HI"	2012	"45-04"	219	4014	1859	2	45	23	352	154	518	1254	58	24	84	844	373	1243	551	1845	312	198	510	1109	55	29	84	742	485	1227	712	1821	387	59	898	106	23	279	493	82	1177	1344	408	1752	275	49	613	229	31	570	504	80	1183	937	830	1767	280	55	724	213	25	441	493	80	1165	1059	679	1738
"HI"	2012	"45-05"	220	130	67	2	45	23	51	13	64	54	3	0	3	0	0	0	13	67	50	14	64	52	2	1	3	0	0	0	15	67	55	3	0	4	0	0	59	3	0	58	4	62	56	2	0	6	1	0	62	3	0	58	7	65	39	2	0	19	0	0	58	2	0	41	19	60
"HI"	2012	"46-01"	221	1236	714	1	46	22	153	86	241	439	40	17	57	246	159	414	262	712	132	106	238	366	30	26	56	204	210	414	342	708	125	30	196	113	25	210	238	55	406	351	348	699	146	39	231	76	15	134	222	54	365	416	225	641	156	40	243	70	13	138	226	53	381	439	221	660
"HI"	2012	"46-02"	222	4026	2169	2	46	22	596	176	778	1563	52	15	68	915	379	1317	570	2163	555	213	768	1421	44	24	68	822	483	1305	720	2141	626	57	1008	113	7	246	739	64	1254	1691	366	2057	619	49	973	130	15	281	749	64	1254	1641	426	2067	619	48	982	126	14	279	745	62	1261	1649	419	2068
"HI"	2012	"46-03"	223	4281	2608	2	46	22	633	240	884	1828	75	28	103	1120	478	1609	746	2596	566	308	874	1624	68	35	103	990	608	1598	951	2575	692	75	1221	147	21	315	839	96	1536	1988	483	2471	668	78	1185	174	17	329	842	95	1514	1931	520	2451	657	66	1169	186	25	360	843	91	1529	1892	571	2463
"HI"	2012	"46-04"	224	2082	981	2	46	22	154	55	210	666	7	6	13	505	238	754	299	977	139	68	207	591	6	7	13	446	305	751	380	971	123	8	602	73	4	124	196	12	726	733	201	934	161	8	598	39	4	134	200	12	732	767	177	944	159	8	595	43	5	136	202	13	731	762	184	946
"HI"	2012	"47-01"	225	3074	1711	2	47	23	361	134	497	1164	30	27	58	773	357	1151	518	1706	321	173	494	1024	23	34	57	680	461	1141	668	1692	386	34	857	90	23	241	476	57	1098	1277	354	1631	255	21	600	190	31	442	445	52	1042	876	663	1539	304	24	675	163	30	423	467	54	1098	1003	616	1619
"HI"	2012	"47-02"	226	2795	1619	2	47	23	208	159	373	975	37	20	60	730	410	1178	589	1611	179	191	370	875	35	23	58	661	499	1160	713	1588	234	43	814	117	14	296	351	57	1110	1091	427	1518	153	31	591	183	20	466	336	51	1057	775	669	1444	179	27	640	174	29	465	353	56	1105	846	668	1514
"HI"	2012	"47-03"	227	3465	2005	2	47	23	139	178	322	652	31	41	73	482	1103	1606	1322	2001	142	177	319	645	28	43	71	475	1115	1590	1335	1980	194	41	875	115	30	639	309	71	1514	1110	784	1894	94	23	339	209	47	1229	303	70	1568	456	1485	1941	141	33	617	169	38	925	310	71	1542	791	1132	1923
"HI"	2012	"47-04"	228	5040	2773	2	47	23	391	237	641	1395	135	79	221	869	991	1900	1307	2762	341	294	635	1258	120	99	219	797	1068	1865	1461	2719	442	161	1163	169	57	645	611	218	1808	1766	871	2637	269	105	682	319	109	1136	588	214	1818	1056	1564	2620	320	124	859	308	93	961	628	217	1820	1303	1362	2665
"HI"	2012	"48-01"	229	3198	2076	2		23	433	209	650	1377	172	61	235	772	384	1181	654	2066	376	266	642	1206	151	85	236	679	489	1168	840	2046	488	187	867	144	45	272	632	232	1139	1542	461	2003													314	123	600	319	110	548	633	233	1148	1037	977	2014
"HI"	2012	"48-02"	230	1262	813	2		23	178	58	240	570	66	30	97	326	143	475	231	812	161	76	237	487	53	42	95	273	197	470	315	802	200	70	353	36	22	105	236	92	458	623	163	786													140	50	298	90	45	163	230	95	461	488	298	786
"HI"	2012	"48-03"	231	3297	2331	2			479	228	714	1522	166	107	278	877	437	1323	772	2315	410	297	707	1296	132	144	276	754	559	1313	1000	2296	563	208	1000	128	69	297	691	277	1297	1771	494	2265																								
"HI"	2012	"48-04"	232	1122	736	2		23	166	81	252	485	102	29	135	217	121	345	231	732	148	103	251	417	77	54	131	192	155	347	312	729	201	113	271	39	19	71	240	132	342	585	129	714													135	77	185	111	55	153	246	132	338	397	319	716
"HI"	2012	"48-05"	233	4410	2926	2			702	328	1043	1912	280	149	435	930	488	1437	965	2915	595	444	1039	1609	243	185	428	771	654	1425	1283	2892	797	324	1048	214	98	347	1011	422	1395	2169	659	2828																								
"HI"	2012	"48-06"	234	4104	2561	2			614	218	842	1835	223	89	314	998	377	1392	684	2548	508	327	835	1560	185	127	312	867	512	1379	966	2526	664	238	1087	153	69	266	817	307	1353	1989	488	2477																								
"HI"	2012	"49-01"	235	4795	3098	2			709	289	1012	2143	286	118	409	1148	486	1661	893	3082	603	395	998	1814	240	163	403	971	678	1649	1236	3050	800	317	1249	175	81	359	975	398	1608	2366	615	2981																								
"HI"	2012	"49-02"	236	2534	1697	2			493	131	629	1263	140	40	182	630	234	878	405	1689	443	181	624	1123	127	55	182	553	316	869	552	1675	538	148	688	72	32	155	610	180	843	1374	259	1633																								
"HI"	2012	"49-03"	237	3901	2837	2			829	250	1084	2100	304	95	400	967	355	1337	700	2821	692	381	1073	1759	257	135	392	810	521	1331	1037	2796	896	321	1075	161	73	230	1057	394	1305	2292	464	2756																								
"HI"	2012	"49-04"	238	3565	2403	2			720	247	972	1708	222	85	311	766	322	1096	654	2379	629	338	967	1475	187	117	304	659	425	1084	880	2355	788	247	867	143	59	207	931	306	1074	1902	409	2311																								
"HI"	2012	"49-05"	239	838	580	2			124	58	187	379	31	23	54	224	106	335	187	576	104	83	187	313	27	27	54	182	146	328	256	569	141	41	257	39	12	67	180	53	324	439	118	557																								
"HI"	2012	"49-06"	240	1673	1256	2		25	322	138	467	829	133	60	195	374	201	588	399	1250	275	185	460	715	118	74	192	322	257	579	516	1231	373	152	432	68	40	129	441	192	561	957	237	1194													285	117	323	165	76	235	450	193	558	725	476	1201
"HI"	2012	"50-01"	241	4445	2783	2			493	311	817	1639	245	147	395	901	632	1550	1090	2762	406	401	807	1334	196	195	391	732	805	1537	1401	2735	601	290	1091	183	95	408	784	385	1499	1982	686	2668																								
"HI"	2012	"50-02"	242	5871	3845	2		25	745	301	1061	2537	289	145	437	1503	785	2330	1231	3828	617	432	1049	2105	249	184	433	1239	1068	2307	1684	3789	845	327	1736	171	100	494	1016	427	2230	2908	765	3673													676	248	1345	352	181	911	1028	429	2256	2269	1444	3713
"HI"	2012	"50-03"	243	6430	4159	2		25	863	402	1279	2680	280	166	452	1537	814	2408	1382	4139	725	550	1275	2219	223	224	447	1271	1101	2372	1875	4094	954	320	1756	273	112	568	1227	432	2324	3030	953	3983													761	260	1329	486	180	992	1247	440	2321	2350	1658	4008
"HI"	2012	"50-04"	244	214	165	2			33	19	52	117	11	6	17	73	21	95	46	164	29	24	53	93	10	7	17	54	40	94	71	164	39	15	74	7	2	17	46	17	91	128	26	154																								
"HI"	2012	"51-01"	245	2091	1502	2	51		350	147	501	1049	123	36	163	576	247	830	430	1494	285	200	485	866	105	55	160	476	349	825	604	1470	379	137	656	85	22	152	464	159	808	1172	259	1431	372	130	624	89	30	166	461	160	790	1126	285	1411												
"HI"	2012	"51-02"	246	2860	2090	2	51	25	399	243	649	1292	128	78	209	765	432	1222	753	2080	328	316	644	1090	106	102	208	656	562	1218	980	2070	485	155	911	136	52	281	621	207	1192	1551	469	2020	438	146	881	172	63	284	610	209	1165	1465	519	1984	376	116	695	236	91	500	612	207	1195	1187	827	2014
"HI"	2012	"51-03"	247	1652	1133	2	51	25	195	105	305	737	59	47	109	483	220	715	372	1129	163	138	301	637	56	53	109	418	292	710	483	1120	221	78	527	61	29	154	282	107	681	826	244	1070	248	80	567	47	27	128	295	107	695	895	202	1097	175	60	426	120	47	275	295	107	701	661	442	1103
"HI"	2012	"51-04"	248	4246	2938	2	51	25	700	271	982	1977	225	119	348	1052	516	1594	906	2924	571	398	969	1641	192	154	346	878	705	1583	1257	2898	795	264	1196	153	76	336	948	340	1532	2255	565	2820	776	259	1217	175	79	323	951	338	1540	2252	577	2829	594	207	893	337	132	637	931	339	1530	1694	1106	2800
"HI"	2012	"51-05"	249	2838	1586	2	51	25	318	97	419	1182	77	27	104	787	249	1053	373	1576	287	133	420	1061	64	38	102	710	337	1047	508	1569	339	70	814	71	30	212	410	100	1026	1223	313	1536	346	86	870	71	17	138	417	103	1008	1302	226	1528	267	61	656	141	41	367	408	102	1023	984	549	1533
"HI"	2012	"51-06"	250	2965	1744	2	51	25	427	67	499	1457	100	15	116	930	183	1123	265	1738	379	114	493	1304	87	29	116	838	276	1114	419	1723	424	100	916	69	13	173	493	113	1089	1440	255	1695	440	102	968	53	11	119	493	113	1087	1510	183	1693	341	88	692	149	28	391	490	116	1083	1121	568	1689
"HI"	2012	"Overseas 1"	251	0	278	1			233	43	278	233	0	0	0	0	0	0	43	278	194	58	252	194	0	0	0	0	0	0	58	252	209	0	0	48	0	0	257	0	0	209	48	257																								
"HI"	2012	"Overseas 2"	252	0	198	2			159	35	198	159	0	0	0	0	0	0	35	198	136	39	175	136	0	0	0	0	0	0	39	175	125	0	0	40	0	0	165	0	0	125	40	165																								
"HI"	2012	"PRES"	253	0	0				0	0	0	0	0	0	0	0	0	0	0	0			0	0			0			0	0	0																																				
