state	year	precinct	g2012_REG_tv	g2012_BALL_tv	g2012_USP_tv	g2012_USP_dv	g2012_USP_rv	g2012_USH_tv	g2012_USH_dv	g2012_USH_rv	g2012_STS_tv	g2012_STS_rv	g2012_STS_dv	sd	g2012_STH_tv	g2012_STH_rv	g2012_STH_dv	ld	cd
"AK"	2012	"01-135 Chena Lakes"	2633	1094	1093	192	854	1071	132	829	1080	740	336	"A"	1052	824	221	1	1
"AK"	2012	"01-145 Eielson"	2913	495	493	109	369	459	69	338	453	337	116	"A"	436	352	84	1	1
"AK"	2012	"01-155 Moose Creek"	600	225	223	43	162	220	34	166	222	140	81	"A"	217	165	52	1	1
"AK"	2012	"01-165 Newby"	3206	1279	1277	213	1009	1243	136	979	1256	888	363	"A"	1249	989	248	1	1
"AK"	2012	"01-175 North Pole"	1841	668	667	156	494	658	104	488	656	430	225	"A"	654	476	175	1	1
"AK"	2012	"01-183 Plack"	2623	1057	1049	166	842	1038	112	827	1039	713	324	"A"	1027	799	221	1	1
"AK"	2012	"01-195 Salcha No. 1"	603	275	274	45	215	273	41	207	271	172	98	"A"	269	205	63	1	1
"AK"	2012	"District 1 - Absentee"	0	1679	1670	340	1267	1579	257	1180	1475	1162	312	"A"	1453	1154	276	1	1
"AK"	2012	"District 1 - Question"	0	466	462	126	315	312	55	222	185	123	61	"A"	151	112	37	1	1
"AK"	2012	"District 1 - Early Voting"	0	516	514	128	372	508	101	362	509	333	175	"A"	502	352	148	1	1
"AK"	2012	"02-235 Badger No. 1"	2278	944	941	202	695	922	127	710	926	619	306	"A"	926	618	306	2	1
"AK"	2012	"02-245 Fox"	1121	536	534	146	357	524	91	362	525	285	237	"A"	525	331	191	2	1
"AK"	2012	"02-255 Steele Creek/Gilmore"	2647	1084	1080	360	653	1061	256	709	1062	546	512	"A"	1068	548	516	2	1
"AK"	2012	"02-265 Steese East"	2149	986	985	275	662	965	199	665	970	545	419	"A"	969	534	431	2	1
"AK"	2012	"02-270 Steese West"	4668	1902	1898	734	1081	1870	561	1143	1878	846	1029	"A"	1862	862	997	2	1
"AK"	2012	"02-275 Two Rivers"	1112	526	526	131	353	515	109	345	518	295	219	"A"	512	318	188	2	1
"AK"	2012	"District 2 - Absentee"	0	1312	1306	447	795	1260	334	811	1178	679	495	"A"	1168	628	533	2	1
"AK"	2012	"District 2 - Question"	0	420	418	144	246	318	53	227	116	65	50	"A"	84	51	32	2	1
"AK"	2012	"District 2 - Early Voting"	0	1373	1370	657	667	1339	544	693	1363	546	817	"A"	1351	530	818	2	1
"AK"	2012	"03-345 Badger No. 2"	2104	820	817	214	546	807	143	584	808	505	300	"B"	704	686		3	1
"AK"	2012	"03-355 Fairbanks No. 8"	1853	622	619	244	345	611	159	385	607	301	305	"B"	519	494		3	1
"AK"	2012	"03-365 Fairbanks No. 9"	2889	1037	1034	366	622	1019	251	684	1021	558	461	"B"	880	847		3	1
"AK"	2012	"03-375 Fort Wainwright"	4302	586	586	177	386	566	155	348	564	375	185	"B"	486	469		3	1
"AK"	2012	"03-385 Richardson"	1279	532	531	108	397	523	54	426	519	358	159	"B"	469	463		3	1
"AK"	2012	"District 3 - Absentee"	0	1246	1236	416	782	1159	288	759	1070	705	364	"B"	925	889		3	1
"AK"	2012	"District 3 - Question"	0	740	735	272	424	355	85	223	167	88	78	"B"	91	88		3	1
"AK"	2012	"District 3 - Early Voting"	0	515	511	237	267	508	187	289	505	246	257	"B"	398	370		3	1
"AK"	2012	"04-446 Aurora"	2713	971	966	377	543	951	244	618	956	488	466	"B"	955	485	469	4	1
"AK"	2012	"04-455 Fairbanks No. 1"	531	209	208	81	110	208	64	123	207	97	108	"B"	206	98	108	4	1
"AK"	2012	"04-465 Fairbanks No. 2"	1161	341	332	150	161	332	103	198	332	153	178	"B"	333	150	181	4	1
"AK"	2012	"04-470 Fairbanks No. 3"	1329	506	504	228	254	488	144	302	489	226	263	"B"	487	228	259	4	1
"AK"	2012	"04-475 Fairbanks No. 4"	745	308	304	126	162	303	82	188	307	148	158	"B"	304	152	152	4	1
"AK"	2012	"04-480 Fairbanks No. 5"	2090	829	825	290	496	817	187	554	818	434	381	"B"	818	442	371	4	1
"AK"	2012	"04-485 Fairbanks No. 6"	1306	368	365	162	183	361	92	231	363	176	186	"B"	360	155	203	4	1
"AK"	2012	"04-490 Fairbanks No. 7"	1830	546	546	272	244	533	154	327	535	253	279	"B"	533	210	321	4	1
"AK"	2012	"04-495 Fairbanks No. 10"	846	221	220	78	129	217	61	141	217	117	99	"B"	214	114	100	4	1
"AK"	2012	"04-499 Lakeview"	521	187	184	45	127	184	23	142	180	120	59	"B"	185	128	56	4	1
"AK"	2012	"District 4 - Absentee"	0	1031	1022	392	590	989	270	623	884	490	390	"B"	865	468	387	4	1
"AK"	2012	"District 4 - Question"	0	541	537	237	265	438	117	283	204	109	95	"B"	154	67	87	4	1
"AK"	2012	"District 4 - Early Voting"	0	777	774	426	322	756	318	385	764	285	478	"B"	762	295	466	4	1
"AK"	2012	"05-580 Airport"	559	168	168	44	116	167	29	118	168	133	31	"C"	164	119	43	5	1
"AK"	2012	"05-582 Chena"	4075	1857	1852	828	917	1823	620	1011	1806	1180	613	"C"	1780	949	819	5	1
"AK"	2012	"05-584 Farmers Loop"	1299	589	589	325	228	578	266	253	572	308	259	"C"	574	225	348	5	1
"AK"	2012	"05-586 Geist"	1974	738	734	328	371	714	228	418	707	483	220	"C"	701	386	311	5	1
"AK"	2012	"05-588 Pike"	556	240	239	89	140	235	62	148	236	182	54	"C"	230	139	91	5	1
"AK"	2012	"05-590 Salcha No. 2"	349	161	159	14	137	156	15	123	150	131	18	"C"	150	138	12	5	1
"AK"	2012	"05-592 Shanly"	1087	431	427	195	197	422	133	230	414	279	134	"C"	407	219	186	5	1
"AK"	2012	"05-594 University Campus"	798	200	200	128	47	195	100	66	194	86	107	"C"	192	56	136	5	1
"AK"	2012	"05-596 University West"	2652	1128	1126	433	644	1114	304	719	1090	802	274	"C"	1083	646	433	5	1
"AK"	2012	"District 5 - Absentee"	0	1374	1369	614	656	1327	474	676	1171	687	454	"C"	1160	630	526	5	1
"AK"	2012	"District 5 - Question"	0	380	377	168	179	306	93	173	77	52	25	"C"	69	44	25	5	1
"AK"	2012	"District 5 - Early Voting"	0	905	903	478	395	899	384	427	881	542	328	"C"	882	399	480	5	1
"AK"	2012	"06-600 Big Delta"	2775	1098	1095	166	873	1079	121	847	1076	918	139	"C"	1061	896	154	6	1
"AK"	2012	"06-608 Delta Junction"	744	334	331	57	261	328	47	250	322	278	40	"C"	323	261	61	6	1
"AK"	2012	"06-622 Farm Loop"	855	414	412	123	258	405	98	276	390	272	116	"C"	392	256	134	6	1
"AK"	2012	"06-628 Fishhook"	2733	1282	1280	317	911	1255	220	941	1201	876	318	"C"	1211	869	337	6	1
"AK"	2012	"06-632 Glennallen"	847	294	293	57	216	290	38	228	285	235	48	"C"	282	226	54	6	1
"AK"	2012	"06-640 Sheep Mountain"	342	106	106	22	82	105	18	75	102	83	18	"C"	106	88	17	6	1
"AK"	2012	"06-645 Sutton"	1024	466	465	162	279	454	133	274	441	292	146	"C"	445	267	176	6	1
"AK"	2012	"06-650 Valdez No. 1"	1099	485	484	173	289	475	114	326	469	355	111	"C"	471	297	173	6	1
"AK"	2012	"06-655 Valdez No. 2"	902	324	322	106	193	318	64	226	307	234	70	"C"	313	215	96	6	1
"AK"	2012	"06-660 Valdez No. 3"	1122	441	440	176	235	435	108	296	427	320	106	"C"	428	258	169	6	1
"AK"	2012	"District 6 - Absentee"	0	2088	2079	660	1328	1819	424	1243	1689	1248	418	"C"	1668	1180	476	6	1
"AK"	2012	"District 6 - Question"	0	471	467	123	313	345	59	254	83	59	24	"C"	79	52	26	6	1
"AK"	2012	"District 6 - Early Voting"	0	19	19	3	16	19	3	16	19	16	3	"C"	19	14	5	6	1
"AK"	2012	"07-005 Kings Lake"	1914	681	679	159	489	665	106	514	569	545		"D"	554	533		7	1
"AK"	2012	"07-010 Church"	1742	618	618	121	474	611	82	491	544	525		"D"	531	524		7	1
"AK"	2012	"07-015 Tanaina"	2025	821	821	195	593	809	138	618	714	672		"D"	699	663		7	1
"AK"	2012	"07-020 Houston"	1222	485	483	118	342	480	77	374	423	408		"D"	419	409		7	1
"AK"	2012	"07-025 Meadow Lakes No. 1"	1472	531	531	91	404	523	64	418	478	455		"D"	469	451		7	1
"AK"	2012	"07-030 Susitna"	1003	382	381	93	261	372	70	268	298	280		"D"	289	278		7	1
"AK"	2012	"07-035 Talkeetna"	959	355	354	170	151	350	160	156	245	222		"D"	243	217		7	1
"AK"	2012	"07-040 Trapper Creek"	603	149	148	39	92	145	29	101	110	105		"D"	108	104		7	1
"AK"	2012	"07-045 Willow"	1708	769	765	219	513	759	174	516	630	587		"D"	622	585		7	1
"AK"	2012	"District 7 - Absentee"	0	1473	1464	435	973	1404	336	946	1058	981		"D"	1040	978		7	1
"AK"	2012	"District 7 - Question"	0	480	476	100	344	416	66	309	123	119		"D"	91	89		7	1
"AK"	2012	"District 7 - Early Voting"	0	857	855	222	611	850	186	588	723	681		"D"	717	686		7	1
"AK"	2012	"08-055 Walby"	1793	779	774	172	582	766	135	593	680	646		"D"	684	661		8	1
"AK"	2012	"08-060 Greater Palmer"	1641	771	769	204	542	761	162	540	676	623		"D"	668	628		8	1
"AK"	2012	"08-065 Mat-Su Campus"	1219	547	544	124	399	540	95	404	474	444		"D"	473	446		8	1
"AK"	2012	"08-070 Palmer City No. 1"	2294	794	786	251	493	774	173	539	660	605		"D"	657	620		8	1
"AK"	2012	"08-075 Palmer City No. 2"	1754	687	687	178	467	672	141	487	574	547		"D"	589	563		8	1
"AK"	2012	"08-080 Palmer Fishhook"	606	308	307	65	231	306	49	234	268	251		"D"	262	256		8	1
"AK"	2012	"08-085 Trunk"	1233	565	564	111	435	556	70	443	494	480		"D"	495	478		8	1
"AK"	2012	"08-090 Seward Meridian"	1119	440	437	85	330	434	61	333	390	372		"D"	383	372		8	1
"AK"	2012	"08-095 Springer Loop"	1235	593	590	146	420	578	104	440	489	470		"D"	481	467		8	1
"AK"	2012	"District 8 - Absentee"	0	1577	1572	420	1092	1501	308	1077	1200	1122		"D"	1189	1132		8	1
"AK"	2012	"District 8 - Question"	0	687	684	188	459	591	108	435	180	171		"D"	144	139		8	1
"AK"	2012	"District 8 - Early Voting"	0	528	528	139	376	520	101	384	440	413		"D"	440	421		8	1
"AK"	2012	"09-100 Lakes"	1810	712	711	157	528	707	126	543	691	537	153	"E"	690	518	171	9	1
"AK"	2012	"09-105 Pioneer Peak"	1454	631	630	126	481	623	92	489	614	491	120	"E"	610	461	146	9	1
"AK"	2012	"09-110 Schrock"	2082	662	661	119	517	650	66	524	642	518	124	"E"	643	503	139	9	1
"AK"	2012	"09-115 Wasilla Lake"	1394	403	403	104	276	401	84	287	391	288	100	"E"	394	275	117	9	1
"AK"	2012	"09-120 Wasilla No. 1"	3227	1148	1146	248	852	1134	191	864	1105	853	251	"E"	1102	801	298	9	1
"AK"	2012	"09-125 Wasilla No. 2"	2540	894	893	231	606	878	165	645	848	622	223	"E"	847	578	265	9	1
"AK"	2012	"District 9 - Absentee"	0	1158	1153	240	867	1088	196	792	939	738	189	"E"	907	669	230	9	1
"AK"	2012	"District 9 - Question"	0	497	496	108	360	399	57	312	125	94	30	"E"	88	66	21	9	1
"AK"	2012	"District 9 - Early Voting"	0	1317	1315	334	945	1297	280	911	1270	945	320	"E"	1271	888	380	9	1
"AK"	2012	"10-130 Meadow Lakes No. 2"	1151	456	455	97	330	447	76	323	441	334	105	"E"	438	330	106	10	1
"AK"	2012	"10-135 Meadow Lakes No. 3"	2114	831	827	178	597	817	136	621	809	629	179	"E"	798	631	166	10	1
"AK"	2012	"10-140 Knik Goose Bay No. 1"	2124	829	829	143	656	818	107	651	810	663	146	"E"	799	671	125	10	1
"AK"	2012	"10-145 Knik Goose Bay No. 2"	1494	563	562	104	439	556	75	444	551	453	98	"E"	550	456	92	10	1
"AK"	2012	"10-150 Knik Goose Bay No. 3"	2023	820	819	178	609	807	142	592	798	612	184	"E"	796	622	172	10	1
"AK"	2012	"10-155 Big Lake"	2323	975	971	197	720	961	157	725	940	738	201	"E"	946	764	180	10	1
"AK"	2012	"District 10 - Absentee"	0	921	919	184	698	882	136	684	785	628	154	"E"	758	613	144	10	1
"AK"	2012	"District 10 - Question"	0	461	456	90	341	398	54	310	180	140	40	"E"	143	110	33	10	1
"AK"	2012	"District 10 - Early Voting"	0	735	732	173	538	724	152	512	718	545	173	"E"	719	558	161	10	1
"AK"	2012	"11-200 Fairview No. 1"	970	358	357	69	272	357	54	280	347	283	62	"F"	319	310		11	1
"AK"	2012	"11-205 Fairview No. 2"	1304	535	531	132	377	526	87	414	505	389	115	"F"	449	439		11	1
"AK"	2012	"11-210 Snowshoe"	1300	614	611	133	447	609	89	472	579	449	129	"F"	528	515		11	1
"AK"	2012	"11-215 Lazy Mountain"	2011	1063	1059	281	722	1046	220	742	994	733	255	"F"	901	853		11	1
"AK"	2012	"11-220 Butte"	2107	1050	1046	261	748	1026	189	752	991	728	257	"F"	899	870		11	1
"AK"	2012	"11-225 Eklutna"	2663	1175	1173	342	784	1162	259	834	1126	848	275	"F"	1015	970		11	1
"AK"	2012	"11-230 Peters Creek No. 1"	2586	1239	1234	293	898	1215	206	938	1202	939	257	"F"	1087	1067		11	1
"AK"	2012	"District 11 - Absentee"	0	1723	1716	502	1147	1650	379	1130	1452	1067	382	"F"	1306	1239		11	1
"AK"	2012	"District 11 - Question"	0	380	379	77	282	312	41	246	95	81	14	"F"	83	83		11	1
"AK"	2012	"District 11 - Early Voting"	0	525	525	132	380	519	111	365	494	369	121	"F"	427	408		11	1
"AK"	2012	"12-235 Peters Creek No. 2"	1830	837	837	203	584	829	152	620	811	631	177	"F"	738	713		12	1
"AK"	2012	"12-240 Fire Lake"	1750	740	740	169	533	727	117	565	706	558	146	"F"	661	640		12	1
"AK"	2012	"12-245 JBER No. 1"	4078	587	587	199	361	560	171	341	551	367	182	"F"	485	465		12	1
"AK"	2012	"12-250 Downtown Eagle River No. 1"	2755	1030	1030	274	713	1008	197	743	979	750	227	"F"	874	850		12	1
"AK"	2012	"12-255 Chugach Park No. 1"	1434	695	695	212	457	687	157	494	671	509	162	"F"	574	556		12	1
"AK"	2012	"District 12 - Absentee"	0	1931	1928	603	1260	1710	429	1143	1538	1115	414	"F"	1350	1298		12	1
"AK"	2012	"District 12 - Question"	0	534	533	191	314	297	56	215	77	52	23	"F"	41	40		12	1
"AK"	2012	"District 12 - Early Voting"	0	133	132	50	78	129	39	81	127	86	40	"F"	106	101		12	1
"AK"	2012	"13-300 JBER No. 2"	4103	575	575	156	398	549	119	381	540	359	178	"G"	540	394	143	13	1
"AK"	2012	"13-305 Creekside Park"	2040	831	827	334	464	820	229	544	824	349	472	"G"	814	556	234	13	1
"AK"	2012	"13-310 Muldoon No. 1"	2102	711	710	368	308	694	248	397	685	247	437	"G"	680	420	238	13	1
"AK"	2012	"13-315 Muldoon No. 2"	1574	516	515	255	236	507	169	312	503	169	333	"G"	500	330	157	13	1
"AK"	2012	"13-320 North Muldoon"	2171	542	542	270	251	531	175	327	533	205	327	"G"	532	356	163	13	1
"AK"	2012	"District 13 - Absentee"	0	1737	1729	611	1069	1610	444	1030	1456	877	574	"G"	1448	1042	376	13	1
"AK"	2012	"District 13 - Question"	0	508	506	253	232	300	113	167	81	35	46	"G"	59	35	22	13	1
"AK"	2012	"District 13 - Early Voting"	0	306	303	178	120	299	147	143	298	101	197	"G"	297	145	147	13	1
"AK"	2012	"14-325 Russian Jack"	1287	492	491	252	217	480	197	247	483	194	288	"G"	477	210	266	14	1
"AK"	2012	"14-330 Nunaka Valley"	2248	835	832	429	363	817	296	457	816	282	534	"G"	797	322	471	14	1
"AK"	2012	"14-335 Northeast Anchorage"	1530	526	525	222	287	518	153	328	524	207	316	"G"	507	253	252	14	1
"AK"	2012	"14-340 College Gate"	1422	705	704	333	351	694	271	383	688	292	396	"G"	677	321	354	14	1
"AK"	2012	"14-345 Chester Valley"	1401	597	596	250	319	590	193	365	587	270	314	"G"	567	291	273	14	1
"AK"	2012	"14-350 Reflection Lake"	2768	1143	1139	498	599	1122	357	704	1121	497	621	"G"	1100	539	558	14	1
"AK"	2012	"14-355 Wonder Park"	1699	615	614	297	286	604	211	349	606	198	404	"G"	599	217	379	14	1
"AK"	2012	"District 14 - Absentee"	0	1276	1271	573	652	1203	446	675	1080	514	566	"G"	1059	545	513	14	1
"AK"	2012	"District 14 - Question"	0	417	414	199	197	335	111	192	85	30	53	"G"	41	18	22	14	1
"AK"	2012	"District 14 - Early Voting"	0	487	482	287	182	478	244	208	475	151	322	"G"	473	167	303	14	1
"AK"	2012	"15-400 Midtown No. 1"	1347	681	678	337	317	669	249	377	669	247	420	"H"	652	235	414	15	1
"AK"	2012	"15-405 University No. 1"	1281	365	363	202	140	356	151	188	355	121	233	"H"	348	115	233	15	1
"AK"	2012	"15-410 University No. 2"	1358	471	471	225	219	464	181	251	451	216	235	"H"	453	182	270	15	1
"AK"	2012	"15-415 Far North Bicentennial"	1296	443	442	211	219	439	134	271	431	194	232	"H"	426	228	195	15	1
"AK"	2012	"15-420 Tudor No. 1"	3253	1246	1239	567	616	1221	421	715	1205	503	700	"H"	1189	568	619	15	1
"AK"	2012	"15-425 Tudor No. 2"	1849	505	505	269	209	495	197	250	487	198	287	"H"	482	189	289	15	1
"AK"	2012	"15-430 East Anchorage"	1250	401	400	213	172	389	159	199	378	166	207	"H"	375	150	222	15	1
"AK"	2012	"District 15 - Absentee"	0	1258	1251	639	545	1187	464	628	1005	436	561	"H"	966	418	540	15	1
"AK"	2012	"District 15 - Question"	0	580	577	304	241	474	160	272	77	27	48	"H"	43	16	26	15	1
"AK"	2012	"District 15 - Early Voting"	0	528	525	316	197	513	262	224	515	167	348	"H"	509	175	334	15	1
"AK"	2012	"16-435 Inlet View No. 1"	931	416	414	222	183	400	155	221	409	170	237	"H"	411	166	227	16	1
"AK"	2012	"16-440 Turnagain No. 1"	916	333	333	170	149	329	131	172	321	135	184	"H"	313	125	165	16	1
"AK"	2012	"16-445 Turnagain No. 2"	1249	472	471	244	198	460	169	249	449	196	250	"H"	447	189	227	16	1
"AK"	2012	"16-450 Willow Crest"	1368	455	453	225	205	440	138	272	434	206	227	"H"	433	180	217	16	1
"AK"	2012	"16-455 Spenard No. 1"	1625	433	431	246	159	427	184	214	421	174	245	"H"	417	154	232	16	1
"AK"	2012	"16-460 Spenard No. 2"	1907	728	723	448	244	707	354	302	700	225	473	"H"	695	200	446	16	1
"AK"	2012	"16-465 Spenard No. 3"	1196	311	311	178	118	305	122	153	301	124	176	"H"	302	118	166	16	1
"AK"	2012	"16-470 Fireweed"	753	222	222	117	93	220	101	112	215	91	124	"H"	214	86	111	16	1
"AK"	2012	"16-475 Midtown No. 2"	1096	405	403	195	198	394	138	235	382	174	207	"H"	379	181	183	16	1
"AK"	2012	"16-480 Rogers Park"	1516	706	703	399	284	694	317	350	690	271	416	"H"	680	255	394	16	1
"AK"	2012	"District 16 - Absentee"	0	1193	1187	670	472	1123	526	529	987	393	585	"H"	973	351	563	16	1
"AK"	2012	"District 16 - Question"	0	766	759	440	281	636	225	359	102	32	69	"H"	64	21	39	16	1
"AK"	2012	"District 16 - Early Voting"	0	774	771	459	292	749	374	337	750	264	486	"H"	755	252	464	16	1
"AK"	2012	"17-500 North Mt View No. 1"	1691	508	504	307	158	492	217	232	481	156	320	"I"	478	181	295	17	1
"AK"	2012	"17-505 North Mt View No. 2"	1905	493	493	316	161	479	218	232	467	150	314	"I"	472	194	274	17	1
"AK"	2012	"17-510 South Mt View No. 1"	1854	669	665	372	266	657	270	334	642	254	387	"I"	644	282	359	17	1
"AK"	2012	"17-515 South Mt View No. 2"	1067	272	272	156	104	266	99	144	252	110	141	"I"	253	127	125	17	1
"AK"	2012	"17-520 Airport Heights No. 1"	1456	579	579	322	230	573	265	280	548	206	339	"I"	564	244	318	17	1
"AK"	2012	"17-525 Airport Heights No. 2"	1725	863	861	549	282	844	466	338	826	242	580	"I"	828	269	555	17	1
"AK"	2012	"District 17 - Absentee"	0	602	599	366	208	568	287	248	486	166	319	"I"	471	183	285	17	1
"AK"	2012	"District 17 - Question"	0	382	375	286	74	278	141	109	89	21	67	"I"	63	20	43	17	1
"AK"	2012	"District 17 - Early Voting"	0	243	241	179	59	238	152	79	232	54	177	"I"	233	68	162	17	1
"AK"	2012	"18-530 Government Hill"	1321	491	489	271	190	477	203	239	470	165	304	"I"	469	151	316	18	1
"AK"	2012	"18-535 Merrill Field"	2634	861	858	511	309	825	372	398	815	265	550	"I"	821	218	603	18	1
"AK"	2012	"18-540 Downtown Anch No. 1"	934	309	308	179	113	301	150	123	295	83	211	"I"	300	73	227	18	1
"AK"	2012	"18-545 Downtown Anch No. 2"	926	440	437	263	157	427	202	203	418	116	302	"I"	417	100	314	18	1
"AK"	2012	"18-550 Downtown Anch No. 3"	1121	220	219	96	112	213	79	115	207	95	111	"I"	209	95	114	18	1
"AK"	2012	"18-555 Downtown Anch No. 4"	1875	602	601	348	211	585	250	285	580	193	381	"I"	576	181	390	18	1
"AK"	2012	"18-560 Westchester No. 1"	1110	557	556	366	177	545	290	230	531	150	381	"I"	536	140	391	18	1
"AK"	2012	"18-565 Westchester No. 2"	785	353	352	236	101	347	186	125	335	77	257	"I"	344	73	269	18	1
"AK"	2012	"18-570 Fairview"	1926	492	490	312	155	475	234	218	459	134	322	"I"	466	120	344	18	1
"AK"	2012	"District 18 - Absentee"	0	1556	1549	954	525	1465	774	585	1268	378	887	"I"	1274	352	914	18	1
"AK"	2012	"District 18 - Question"	0	507	502	321	156	407	167	206	92	36	55	"I"	69	20	49	18	1
"AK"	2012	"District 18 - Early Voting"	0	569	569	390	163	557	298	226	553	139	413	"I"	556	131	425	18	1
"AK"	2012	"19-600 Inlet View No. 2"	1894	977	976	558	383	953	431	472	964	352	608	"J"	953	356	597	19	1
"AK"	2012	"19-605 Conners Lake"	1683	764	762	317	419	753	205	502	750	390	358	"J"	743	383	359	19	1
"AK"	2012	"19-610 Sand Lake No. 1"	1548	689	687	288	367	681	202	436	677	357	318	"J"	669	350	318	19	1
"AK"	2012	"19-615 Sand Lake No. 2"	1214	543	542	257	261	538	182	329	537	260	274	"J"	532	246	284	19	1
"AK"	2012	"19-620 Lake Spenard"	1683	663	661	313	326	657	233	388	654	303	348	"J"	642	303	338	19	1
"AK"	2012	"19-625 Lake Hood"	1812	880	877	455	396	855	304	495	867	360	505	"J"	861	354	507	19	1
"AK"	2012	"19-630 Turnagain No. 3"	1202	455	454	252	186	447	181	243	446	180	265	"J"	436	167	269	19	1
"AK"	2012	"19-635 Turnagain No. 4"	2015	850	848	432	381	829	311	471	833	337	495	"J"	823	384	436	19	1
"AK"	2012	"District 19 - Absentee"	0	1415	1409	660	705	1362	505	756	1266	611	649	"J"	1235	589	642	19	1
"AK"	2012	"District 19 - Question"	0	380	377	179	168	311	97	185	76	40	36	"J"	60	28	31	19	1
"AK"	2012	"District 19 - Early Voting"	0	694	693	415	263	681	334	302	690	261	428	"J"	679	259	418	19	1
"AK"	2012	"20-640 Dimond No. 1"	2168	921	919	332	551	907	222	630	904	528	372	"J"	894	666	225	20	1
"AK"	2012	"20-645 Kincaid"	2643	1314	1312	424	836	1288	311	911	1297	754	539	"J"	1277	967	308	20	1
"AK"	2012	"20-650 Jewel Lake No. 1"	1492	629	629	277	326	621	182	401	616	307	308	"J"	611	397	214	20	1
"AK"	2012	"20-655 Jewel Lake No. 2"	1648	660	659	263	368	649	171	437	638	338	298	"J"	631	417	212	20	1
"AK"	2012	"20-660 Campbell Lake"	2259	1080	1074	427	585	1066	295	695	1064	559	502	"J"	1045	711	332	20	1
"AK"	2012	"20-665 Sand Lake No. 3"	1657	809	805	303	457	799	220	531	786	421	364	"J"	789	566	220	20	1
"AK"	2012	"20-670 Sand Lake No. 4"	739	354	354	147	192	342	94	228	351	183	167	"J"	342	260	80	20	1
"AK"	2012	"District 20 - Absentee"	0	1237	1233	462	732	1199	345	775	1090	650	436	"J"	1063	751	303	20	1
"AK"	2012	"District 20 - Question"	0	391	390	177	193	319	80	204	110	61	48	"J"	49	37	12	20	1
"AK"	2012	"District 20 - Early Voting"	0	591	589	269	304	580	214	338	582	294	287	"J"	573	362	211	20	1
"AK"	2012	"21-700 Huffman No. 1"	1786	860	860	319	501	849	209	590	829	562	264	"K"	822	518	304	21	1
"AK"	2012	"21-705 Huffman No. 2"	1590	656	654	245	386	643	171	433	632	416	212	"K"	623	386	233	21	1
"AK"	2012	"21-710 Klatt"	1943	985	982	327	629	969	235	683	958	664	284	"K"	963	648	313	21	1
"AK"	2012	"21-715 Southport"	1872	796	793	296	478	780	189	545	768	557	209	"K"	767	479	287	21	1
"AK"	2012	"21-720 Ocean View No. 1"	1664	690	690	263	395	681	178	453	669	454	210	"K"	663	403	258	21	1
"AK"	2012	"21-725 Ocean View No. 2"	1856	1029	1026	381	613	1012	280	678	991	686	299	"K"	1001	639	358	21	1
"AK"	2012	"21-730 Bayshore"	2680	1266	1264	460	769	1238	309	866	1222	898	320	"K"	1219	786	432	21	1
"AK"	2012	"District 21 - Absentee"	0	1374	1372	541	791	1317	395	835	1188	784	393	"K"	1185	734	448	21	1
"AK"	2012	"District 21 - Question"	0	401	399	151	229	338	72	230	139	101	38	"K"	113	65	48	21	1
"AK"	2012	"District 21 - Early Voting"	0	828	826	333	471	818	282	488	800	497	301	"K"	807	498	307	21	1
"AK"	2012	"22-735 Northwood"	946	405	405	184	201	402	111	250	387	242	145	"K"	389	173	216	22	1
"AK"	2012	"22-740 Arctic"	1682	658	656	308	326	646	221	381	640	379	257	"K"	643	299	344	22	1
"AK"	2012	"22-745 Midtown No. 3"	1240	307	307	128	166	303	80	187	298	191	105	"K"	298	166	131	22	1
"AK"	2012	"22-750 Taku"	1803	724	724	297	393	714	194	470	699	445	245	"K"	698	372	323	22	1
"AK"	2012	"22-755 Campbell Creek No. 1"	1384	645	645	271	350	636	168	439	616	425	188	"K"	628	266	360	22	1
"AK"	2012	"22-760 Campbell Creek No. 2"	1393	495	494	236	240	489	174	291	479	277	198	"K"	482	198	282	22	1
"AK"	2012	"22-765 Campbell Creek No. 3"	1735	790	784	327	430	779	223	499	753	492	255	"K"	766	321	443	22	1
"AK"	2012	"22-770 Dimond No. 2"	1462	556	553	237	299	545	155	359	535	344	190	"K"	538	209	329	22	1
"AK"	2012	"District 22 - Absentee"	0	1083	1078	424	605	1037	316	645	896	571	316	"K"	881	477	400	22	1
"AK"	2012	"District 22 - Question"	0	398	396	180	199	323	84	210	76	44	32	"K"	65	32	32	22	1
"AK"	2012	"District 22 - Early Voting"	0	514	513	267	236	509	213	266	498	262	233	"K"	504	195	309	22	1
"AK"	2012	"23-800 Abbott Loop No. 1"	2240	901	898	387	488	881	251	585	861	601	259	"L"	852	507	343	23	1
"AK"	2012	"23-805 Abbott Loop No. 2"	1469	737	734	249	459	731	205	492	709	529	178	"L"	718	434	281	23	1
"AK"	2012	"23-810 Huffman No. 3"	1289	633	632	162	454	630	112	495	611	489	122	"L"	617	468	149	23	1
"AK"	2012	"23-815 Huffman No. 4"	2010	963	962	314	620	947	219	684	933	728	205	"L"	937	667	270	23	1
"AK"	2012	"23-820 Huffman No. 5"	2147	1064	1061	411	609	1035	305	667	1015	761	253	"L"	1022	569	449	23	1
"AK"	2012	"23-825 Independence Park No. 1"	1854	668	665	297	341	652	166	436	641	419	220	"L"	642	396	244	23	1
"AK"	2012	"23-830 Independence Park No. 2"	845	415	414	153	252	409	114	264	403	300	103	"L"	402	233	169	23	1
"AK"	2012	"23-835 O'Malley"	1119	338	338	143	173	332	97	214	321	200	120	"L"	317	190	127	23	1
"AK"	2012	"District 23 - Absentee"	0	1385	1380	524	803	1333	398	837	1171	849	318	"L"	1173	741	428	23	1
"AK"	2012	"District 23 - Question"	0	457	456	183	257	385	93	271	109	78	31	"L"	68	44	24	23	1
"AK"	2012	"District 23 - Early Voting"	0	831	830	344	470	817	285	491	801	557	241	"L"	812	488	320	23	1
"AK"	2012	"24-840 East Dowling"	561	211	210	105	95	209	65	133	203	118	84	"L"	204	96	107	24	1
"AK"	2012	"24-845 Abbott Loop No. 3"	2499	1127	1125	436	637	1111	319	729	1089	805	282	"L"	1094	647	447	24	1
"AK"	2012	"24-850 Abbott Loop No. 4"	1869	925	923	399	502	906	263	599	896	719	175	"L"	897	482	412	24	1
"AK"	2012	"24-855 Lore No. 1"	1830	867	866	334	503	848	211	588	840	642	195	"L"	833	518	313	24	1
"AK"	2012	"24-860 Lore No. 2"	1810	727	725	295	395	715	205	465	703	497	204	"L"	703	406	296	24	1
"AK"	2012	"24-865 Independence Park No. 3"	1426	585	584	244	323	575	171	385	566	415	151	"L"	562	305	256	24	1
"AK"	2012	"24-870 Laurel/Dowling"	2129	799	798	343	424	791	234	510	783	554	226	"L"	783	402	378	24	1
"AK"	2012	"District 24 - Absentee"	0	967	963	429	502	923	308	558	822	556	264	"L"	811	458	353	24	1
"AK"	2012	"District 24 - Question"	0	442	440	212	214	376	118	235	125	84	40	"L"	100	48	52	24	1
"AK"	2012	"District 24 - Early Voting"	0	657	655	331	317	648	257	351	628	403	223	"L"	637	305	330	24	1
"AK"	2012	"25-900 Cheney Lake"	2372	1143	1140	436	660	1129	339	718	1127	611	514	"M"	1121	595	526	25	1
"AK"	2012	"25-905 Muldoon No. 3"	1478	562	562	210	333	558	144	375	552	305	246	"M"	554	285	268	25	1
"AK"	2012	"25-910 Muldoon No. 4"	2165	880	872	359	461	861	251	549	858	440	416	"M"	861	395	461	25	1
"AK"	2012	"25-915 Chugach Ft. Hills No. 1"	1350	535	535	234	281	529	186	320	527	258	269	"M"	531	266	264	25	1
"AK"	2012	"25-920 Chugach Ft. Hills No. 2"	1959	823	820	373	400	805	305	454	804	384	419	"M"	807	408	398	25	1
"AK"	2012	"25-925 Scenic Park"	1411	737	733	275	438	727	225	475	726	409	317	"M"	723	426	297	25	1
"AK"	2012	"25-930 Baxter"	2488	1168	1168	547	563	1140	421	643	1144	547	597	"M"	1141	587	548	25	1
"AK"	2012	"25-935 Stuckagain Heights"	409	215	215	105	105	210	90	110	213	100	113	"M"	214	100	114	25	1
"AK"	2012	"District 25 - Absentee"	0	1516	1513	647	817	1461	497	870	1337	757	574	"M"	1326	718	601	25	1
"AK"	2012	"District 25 - Question"	0	400	399	188	192	327	115	184	66	34	32	"M"	60	34	26	25	1
"AK"	2012	"District 25 - Early Voting"	0	709	704	365	319	697	306	367	703	317	383	"M"	699	305	393	25	1
"AK"	2012	"26-940 Downtown Eagle River No. 2"	1787	790	785	202	542	772	140	583	776	560	215	"M"	753	572	174	26	1
"AK"	2012	"26-945 Meadow Creek No. 1"	1721	806	804	238	526	791	178	553	794	556	238	"M"	780	559	219	26	1
"AK"	2012	"26-950 Meadow Creek No. 2"	1903	930	928	272	637	921	200	683	918	661	255	"M"	903	668	229	26	1
"AK"	2012	"26-955 Eagle River No. 1"	1164	474	473	137	322	468	97	344	465	344	121	"M"	456	341	113	26	1
"AK"	2012	"26-960 Eagle River No. 2"	2928	1155	1152	347	757	1130	270	787	1132	779	349	"M"	1114	788	307	26	1
"AK"	2012	"26-965 Chugach Park No. 2"	3325	1459	1458	485	918	1425	358	977	1431	940	487	"M"	1412	967	436	26	1
"AK"	2012	"26-970 Hiland"	2720	1001	999	267	696	979	196	713	979	710	266	"M"	977	742	231	26	1
"AK"	2012	"District 26 - Absentee"	0	3120	3104	950	2076	2965	707	2028	2679	1994	679	"M"	2641	1968	647	26	1
"AK"	2012	"District 26 - Question"	0	374	371	104	254	267	47	204	83	56	27	"M"	75	53	22	26	1
"AK"	2012	"District 26 - Early Voting"	0	418	417	167	240	411	137	249	412	250	159	"M"	407	245	157	26	1
"AK"	2012	"27-105 Rabbit Creek No. 1"	1681	882	882	295	567	858	199	605	854	490		"N"	720	685		27	1
"AK"	2012	"27-110 Rabbit Creek No. 2"	1989	1006	1002	370	604	986	271	644	972	510		"N"	803	772		27	1
"AK"	2012	"27-115 Huffman No. 7"	1730	815	815	250	542	810	178	590	792	484		"N"	657	633		27	1
"AK"	2012	"27-120 Huffman No. 8"	1750	874	873	318	531	852	243	565	849	456		"N"	680	655		27	1
"AK"	2012	"27-125 Bear Valley"	1557	734	731	330	371	722	232	440	713	378		"N"	593	556		27	1
"AK"	2012	"27-130 Indian"	254	132	132	62	60	128	51	69	125	60		"N"	98	91		27	1
"AK"	2012	"27-135 Girdwood"	1806	783	779	504	213	749	376	283	732	245		"N"	549	506		27	1
"AK"	2012	"27-140 Goldenview"	2755	1272	1269	469	762	1248	315	848	1233	715		"N"	1025	993		27	1
"AK"	2012	"27-145 Chugach Park No. 3"	1632	801	799	338	443	787	259	483	768	397		"N"	631	607		27	1
"AK"	2012	"District 27 - Absentee"	0	2034	2029	833	1134	1942	622	1220	1768	1107		"N"	1487	1399		27	1
"AK"	2012	"District 27 - Question"	0	287	286	106	167	230	61	149	56	34		"N"	45	44		27	1
"AK"	2012	"District 27 - Early Voting"	0	1229	1226	588	621	1200	490	646	1187	587		"N"	933	866		27	1
"AK"	2012	"28-100 Bear Creek"	1465	633	629	253	335	619	181	375	610	288		"N"	461	439		28	1
"AK"	2012	"28-110 Cooper Landing"	370	135	135	46	78	131	36	78	126	77		"N"	97	93		28	1
"AK"	2012	"28-120 Hope"	174	66	65	37	28	66	31	30	64	21		"N"	42	39		28	1
"AK"	2012	"28-130 Mackey Lake"	1842	706	703	134	549	692	123	521	681	492		"N"	594	575		28	1
"AK"	2012	"28-140 Moose Pass"	326	144	144	63	71	143	43	82	142	75		"N"	110	99		28	1
"AK"	2012	"28-150 Nikiski"	1732	838	836	154	653	823	118	624	806	554		"N"	726	686		28	1
"AK"	2012	"28-160 Salamatoff"	1986	889	886	142	706	875	119	677	857	596		"N"	784	763		28	1
"AK"	2012	"28-170 Seward-Lowell Point"	1877	714	714	325	346	702	228	401	691	305		"N"	541	511		28	1
"AK"	2012	"28-180 Sterling No. 1"	1675	677	677	113	541	662	78	523	637	448		"N"	580	565		28	1
"AK"	2012	"28-190 Sterling No. 2"	1912	744	743	122	591	731	107	555	708	505		"N"	626	605		28	1
"AK"	2012	"District 28 - Absentee"	0	2499	2490	698	1702	2413	553	1640	2201	1499		"N"	1894	1795		28	1
"AK"	2012	"District 28 - Question"	0	430	426	100	282	329	59	236	122	82		"N"	107	103		28	1
"AK"	2012	"District 28 - Early Voting"	0	1	1	1	0	1	1	0	1	0		"N"	1	1		28	1
"AK"	2012	"29-200 Central"	2455	970	968	194	737	949	174	702	846	811		"O"	834	814		29	1
"AK"	2012	"29-210 K-Beach"	2475	1059	1059	223	805	1046	181	792	938	898		"O"	932	902		29	1
"AK"	2012	"29-220 Kenai No. 1"	2495	1046	1041	254	736	1018	179	750	894	844		"O"	872	846		29	1
"AK"	2012	"29-230 Kenai No. 2"	1356	534	530	143	364	524	110	370	467	440		"O"	458	443		29	1
"AK"	2012	"29-240 Kenai No. 3"	1265	537	535	136	377	523	113	373	454	429		"O"	444	423		29	1
"AK"	2012	"29-250 Soldotna"	3373	1346	1343	357	924	1311	269	936	1175	1135		"O"	1165	1134		29	1
"AK"	2012	"District 29 - Absentee"	0	2110	2100	525	1523	2034	425	1438	1706	1577		"O"	1660	1588		29	1
"AK"	2012	"District 29 - Question"	0	437	435	101	308	346	58	254	166	160		"O"	112	110		29	1
"AK"	2012	"District 29 - Early Voting"	0	0	0	0	0	0	0	0	0	0		"O"	0	0		29	1
"AK"	2012	"30-300 Anchor Point"	1701	760	757	180	548	742	159	526	624	601		"O"	730	594	129	30	1
"AK"	2012	"30-310 Diamond Ridge"	1012	431	430	229	180	422	208	185	291	275		"O"	425	272	150	30	1
"AK"	2012	"30-320 Fox River"	563	207	205	76	123	202	67	120	154	147		"O"	198	137	57	30	1
"AK"	2012	"30-330 Funny River No. 1"	640	247	246	50	186	247	49	174	221	210		"O"	234	188	42	30	1
"AK"	2012	"30-340 Funny River No. 2"	1024	332	331	76	245	322	55	243	292	276		"O"	306	232	73	30	1
"AK"	2012	"30-350 Homer No. 1"	2455	995	991	463	476	972	368	539	709	672		"O"	960	644	309	30	1
"AK"	2012	"30-360 Homer No. 2"	1981	754	751	313	395	733	259	409	571	536		"O"	732	532	193	30	1
"AK"	2012	"30-370 Kachemak/Fritz Creek"	1662	775	774	410	326	752	349	350	511	479		"O"	747	482	264	30	1
"AK"	2012	"30-380 Kasilof"	2310	989	986	309	621	971	234	609	826	781		"O"	943	674	267	30	1
"AK"	2012	"30-390 Ninilchik"	1217	479	475	124	324	470	103	318	392	383		"O"	448	338	107	30	1
"AK"	2012	"30-395 Seldovia/Kachemak Bay"	460	173	172	88	73	168	64	90	125	115		"O"	166	107	59	30	1
"AK"	2012	"District 30 - Absentee"	0	2981	2976	1104	1767	2884	986	1697	2147	2010		"O"	2677	1959	695	30	1
"AK"	2012	"District 30 - Question"	0	414	410	155	228	337	99	196	175	168		"O"	195	128	67	30	1
"AK"	2012	"District 30 - Early Voting"	0	1	1	1	0	1	1	0	1	0		"O"	1	0	1	30	1
"AK"	2012	"31-400 Auke Bay"	1933	872	869	466	362	845	366	404					716	688		31	1
"AK"	2012	"31-410 Juneau Airport"	1961	768	765	390	331	743	265	421					656	633		31	1
"AK"	2012	"31-420 Lynn Canal"	1210	640	639	348	263	623	283	292					502	483		31	1
"AK"	2012	"31-430 Mendenhall Valley No. 1"	2165	835	833	390	403	823	240	509					736	718		31	1
"AK"	2012	"31-440 Mendenhall Valley No. 2"	2300	967	962	438	486	941	280	589					850	825		31	1
"AK"	2012	"31-450 Mendenhall Valley No. 3"	2092	938	936	396	491	908	263	586					818	793		31	1
"AK"	2012	"31-460 Mendenhall Valley No. 4"	2695	1206	1203	566	586	1170	357	723					1055	1029		31	1
"AK"	2012	"District 31 - Absentee"	0	1263	1254	639	555	1192	439	633					936	903		31	1
"AK"	2012	"District 31 - Question"	0	677	673	377	247	525	202	267					235	224		31	1
"AK"	2012	"District 31 - Early Voting"	0	1203	1201	669	495	1170	506	587					985	947		31	1
"AK"	2012	"32-500 Douglas"	1729	808	804	532	224	784	391	311					680		641	32	1
"AK"	2012	"32-505 Gustavus"	476	219	219	126	79	215	109	88					171		164	32	1
"AK"	2012	"32-510 Juneau No. 1"	2355	822	822	559	225	796	422	307					685		660	32	1
"AK"	2012	"32-515 Juneau No. 2"	2552	1073	1073	868	148	1025	714	221					954		928	32	1
"AK"	2012	"32-520 Juneau No. 3"	1017	486	485	294	169	470	235	204					410		393	32	1
"AK"	2012	"32-525 Lemon Creek"	1574	622	621	315	275	600	178	381					520		489	32	1
"AK"	2012	"32-530 North Douglas"	1436	667	664	433	211	649	337	266					567		540	32	1
"AK"	2012	"32-535 Petersburg-Kupreanof"	2648	1152	1140	508	573	1111	319	698					765		733	32	1
"AK"	2012	"32-540 Skagway"	1010	404	404	233	124	394	171	175					325		314	32	1
"AK"	2012	"32-545 Tenakee Springs"	181	47	47	21	19	46	19	15					33		33	32	1
"AK"	2012	"District 32 - Absentee"	0	2268	2261	1394	748	2139	1083	882					1741		1662	32	1
"AK"	2012	"District 32 - Question"	0	482	475	315	133	383	181	164					151		149	32	1
"AK"	2012	"District 32 - Early Voting"	0	513	513	332	167	500	261	214					429		406	32	1
"AK"	2012	"33-600 Ketchikan No. 1"	2005	647	645	339	263	634	224	356	622	340	279	"Q"	634	248	320	33	1
"AK"	2012	"33-610 Ketchikan No. 2"	2233	944	943	404	473	923	240	607	910	626	282	"Q"	926	457	374	33	1
"AK"	2012	"33-620 Ketchikan No. 3"	1599	650	644	212	398	647	131	475	639	469	167	"Q"	637	353	226	33	1
"AK"	2012	"33-630 North Prince of Wales"	501	76	76	19	43	74	9	56	70	55	15	"Q"	72	58	7	33	1
"AK"	2012	"33-640 North Tongass No. 1"	836	342	342	106	207	337	67	243	333	256	77	"Q"	338	205	113	33	1
"AK"	2012	"33-650 North Tongass No. 2"	1643	767	765	226	501	753	143	554	748	589	159	"Q"	750	458	233	33	1
"AK"	2012	"33-660 Saxman"	275	128	127	72	48	124	25	87	124	38	86	"Q"	126	53	53	33	1
"AK"	2012	"33-670 South Tongass"	1666	634	631	213	379	620	168	410	616	468	147	"Q"	627	341	258	33	1
"AK"	2012	"33-680 Thorne Bay"	521	218	217	44	154	215	29	149	211	163	47	"Q"	214	152	20	33	1
"AK"	2012	"33-690 Wrangell"	1658	798	793	252	513	780	124	612	781	616	165	"Q"	791	644	91	33	1
"AK"	2012	"District 33 - Absentee"	0	1803	1795	631	1069	1718	468	1090	1654	1178	469	"Q"	1666	1002	488	33	1
"AK"	2012	"District 33 - Question"	0	494	487	193	240	406	110	246	346	217	127	"Q"	337	157	146	33	1
"AK"	2012	"District 33 - Early Voting"	0	6	6	5	1	6	3	2	6	2	4	"Q"	6	3	3	33	1
"AK"	2012	"34-700 Angoon"	342	196	196	147	41	194	69	118	195	63	131	"Q"	194	64	129	34	1
"AK"	2012	"34-705 Craig"	964	417	412	193	194	403	112	255	407	236	168	"Q"	404	232	171	34	1
"AK"	2012	"34-710 Haines No. 1"	1950	854	846	402	388	829	276	487	838	359	478	"Q"	843	582	260	34	1
"AK"	2012	"34-715 Haines No. 2"	290	104	102	35	57	101	28	62	103	53	50	"Q"	103	70	33	34	1
"AK"	2012	"34-720 Hoonah"	688	331	330	197	127	326	90	221	326	121	203	"Q"	323	168	155	34	1
"AK"	2012	"34-725 Hydaburg"	268	110	109	92	17	106	30	71	107	20	87	"Q"	108	55	53	34	1
"AK"	2012	"34-730 Kake"	391	191	188	132	52	186	41	138	185	55	130	"Q"	189	95	94	34	1
"AK"	2012	"34-735 Kasaan"	57	28	28	7	14	28	2	22	26	12	13	"Q"	28	19	9	34	1
"AK"	2012	"34-740 Klawock"	606	267	263	138	119	265	73	175	260	120	139	"Q"	263	141	122	34	1
"AK"	2012	"34-745 Klukwan"	75	42	42	24	17	41	4	36	42	4	38	"Q"	42	36	6	34	1
"AK"	2012	"34-750 Metlakatla"	995	476	472	311	136	461	98	344	470	90	380	"Q"	456	232	224	34	1
"AK"	2012	"34-755 Pelican"	196	48	48	12	31	45	12	31	42	34	8	"Q"	46	22	23	34	1
"AK"	2012	"34-760 Port Alexander"	68	18	18	11	7	17	9	6	17	7	10	"Q"	17	4	13	34	1
"AK"	2012	"34-765 Sitka No. 1"	3477	1599	1593	815	680	1537	474	953	1564	1220	342	"Q"	1578	700	876	34	1
"AK"	2012	"34-770 Sitka No. 2"	3597	1611	1601	900	619	1543	554	879	1569	1167	395	"Q"	1589	643	943	34	1
"AK"	2012	"District 34 - Absentee"	0	2082	2072	1061	907	2013	770	1073	1928	1188	734	"Q"	1947	975	969	34	1
"AK"	2012	"District 34- Question"	0	291	289	163	112	199	56	129	121	55	65	"Q"	84	45	38	34	1
"AK"	2012	"District 34 - Early Voting"	0	28	28	22	5	26	11	11	26	8	18	"Q"	27	15	12	34	1
"AK"	2012	"35-800 Chiniak"	137	44	44	12	29	42	16	22	44	34	10	"R"	35	34		35	1
"AK"	2012	"35-805 Cordova"	1900	780	776	361	380	760	259	451	752	466	280	"R"	549	521		35	1
"AK"	2012	"35-810 Flats"	1906	560	560	183	352	543	160	326	538	430	108	"R"	465	453		35	1
"AK"	2012	"35-815 Kodiak Island South"	197	34	33	13	18	34	2	31	34	31	3	"R"	32	32		35	1
"AK"	2012	"35-820 Kodiak No. 1"	1833	700	698	311	360	679	196	433	679	554	121	"R"	567	548		35	1
"AK"	2012	"35-825 Kodiak No. 2"	1856	728	725	358	344	705	197	467	706	567	137	"R"	611	598		35	1
"AK"	2012	"35-830 Mission Road"	3256	1466	1464	513	887	1434	348	1000	1430	1229	199	"R"	1261	1234		35	1
"AK"	2012	"35-835 Old Harbor"	135	55	55	28	22	54	5	47	55	48	7	"R"	53	53		35	1
"AK"	2012	"35-840 Ouzinkie"	136	69	68	50	15	68	16	50	69	56	13	"R"	65	64		35	1
"AK"	2012	"35-845 Port Lions"	213	64	64	18	45	64	6	55	64	55	9	"R"	62	61		35	1
"AK"	2012	"35-850 Tatitlek"	127	0	0	0	0	0	0	0	0	0	0	"R"	0	0		35	1
"AK"	2012	"35-855 Whittier"	286	93	93	50	38	91	29	59	83	48	34	"R"	65	60		35	1
"AK"	2012	"35-860 Yakutat"	444	214	211	121	82	213	74	129	205	120	82	"R"	148	142		35	1
"AK"	2012	"District 35 - Absentee"	0	1789	1781	668	1041	1690	469	1061	1608	1248	347	"R"	1355	1298		35	1
"AK"	2012	"District 35 - Question"	0	362	357	142	191	252	56	172	154	114	39	"R"	132	127		35	1
"AK"	2012	"District 35 - Early Voting"	0	3	3	2	0	2	2	0	2	1	1	"R"	1	1		35	1
"AK"	2012	"36-002 Akiachak"	314	113	112	87	22	112	29	79	113	53	60	"R"	112	49	63	36	1
"AK"	2012	"36-004 Akiak"	174	91	91	59	20	89	25	62	88	36	52	"R"	88	47	41	36	1
"AK"	2012	"36-006 Aleknagik"	143	48	48	31	14	47	6	38	44	30	14	"R"	47	9	38	36	1
"AK"	2012	"36-008 Aniak"	342	139	137	94	42	136	34	97	131	82	49	"R"	133	97	36	36	1
"AK"	2012	"36-010 Anvik"	60	22	22	10	11	22	2	20	22	18	3	"R"	22	18	3	36	1
"AK"	2012	"36-012 Atmautluak"	133	52	51	37	9	51	19	32	50	21	29	"R"	50	31	19	36	1
"AK"	2012	"36-014 Chefornak"	239	103	97	88	5	97	14	75	96	43	52	"R"	95	55	40	36	1
"AK"	2012	"36-016 Chuathbaluk"	64	23	23	15	8	23	4	18	23	13	10	"R"	23	18	5	36	1
"AK"	2012	"36-018 Crooked Creek"	70	32	32	26	4	32	8	21	32	13	19	"R"	32	20	12	36	1
"AK"	2012	"36-020 Dillingham"	1550	701	696	424	239	686	255	392	660	431	227	"R"	690	106	582	36	1
"AK"	2012	"36-022 Ekwok"	79	36	36	23	12	35	9	25	35	21	13	"R"	35	3	32	36	1
"AK"	2012	"36-024 Holy Cross"	129	53	53	50	3	53	7	45	50	24	26	"R"	52	43	9	36	1
"AK"	2012	"36-026 Kasigluk"	250	76	76	68	7	76	9	67	76	33	43	"R"	75	46	29	36	1
"AK"	2012	"36-028 King Salmon"	399	157	157	47	96	153	30	109	154	121	33	"R"	150	70	80	36	1
"AK"	2012	"36-030 Kipnuk"	334	123	123	104	11	123	39	81	122	52	69	"R"	122	54	67	36	1
"AK"	2012	"36-032 Koliganek"	111	51	51	34	16	50	3	46	44	32	12	"R"	49	4	45	36	1
"AK"	2012	"36-034 Kongiganak"	233	102	100	79	17	102	11	88	102	57	45	"R"	102	51	51	36	1
"AK"	2012	"36-036 Kwethluk"	356	145	145	122	16	143	35	104	143	74	69	"R"	143	66	77	36	1
"AK"	2012	"36-038 Kwigillingok"	199	85	85	64	14	85	16	65	83	37	46	"R"	84	40	44	36	1
"AK"	2012	"36-040 Lake Iliamna No. 1"	220	82	82	46	34	81	20	58	78	49	29	"R"	78	39	39	36	1
"AK"	2012	"36-042 Lake Iliamna No. 2"	156	58	58	40	17	58	12	44	56	39	17	"R"	57	33	24	36	1
"AK"	2012	"36-044 Levelock"	52	24	24	17	4	24	3	19	24	18	6	"R"	24	7	17	36	1
"AK"	2012	"36-046 Lower Kalskag"	170	94	93	62	20	94	16	74	90	40	49	"R"	92	79	13	36	1
"AK"	2012	"36-048 Manokotak"	261	124	123	67	48	123	17	103	122	82	39	"R"	122	23	99	36	1
"AK"	2012	"36-050 Naknek"	419	161	159	70	83	158	24	128	152	118	34	"R"	158	47	110	36	1
"AK"	2012	"36-052 Napakiak"	223	78	78	56	19	78	5	72	77	50	26	"R"	76	50	26	36	1
"AK"	2012	"36-054 Napaskiak"	201	82	82	69	12	82	21	61	81	44	37	"R"	81	44	37	36	1
"AK"	2012	"36-056 New Stuyahok"	289	129	129	102	22	129	18	107	128	76	52	"R"	128	11	116	36	1
"AK"	2012	"36-058 Newtok"	208	89	89	76	11	89	17	71	89	50	39	"R"	88	57	31	36	1
"AK"	2012	"36-060 Nightmute"	137	69	68	52	12	69	12	52	69	36	32	"R"	69	34	35	36	1
"AK"	2012	"36-062 Nondalton"	291	48	48	33	12	47	12	31	48	27	21	"R"	48	20	28	36	1
"AK"	2012	"36-064 Nunapitchuk"	231	89	88	70	15	89	14	72	89	45	44	"R"	88	54	34	36	1
"AK"	2012	"36-066 Pedro Bay"	54	12	12	6	5	12	3	9	11	6	5	"R"	11	7	4	36	1
"AK"	2012	"36-068 Russian Mission"	168	87	83	59	15	85	11	71	84	50	33	"R"	86	73	13	36	1
"AK"	2012	"36-070 Shageluk"	65	32	32	29	2	32	9	22	32	14	18	"R"	32	27	5	36	1
"AK"	2012	"36-072 Sleetmute"	127	32	32	21	10	32	3	28	30	25	5	"R"	31	21	10	36	1
"AK"	2012	"36-074 South Naknek"	52	20	20	8	10	19	2	17	19	16	3	"R"	19	5	14	36	1
"AK"	2012	"36-076 Toksook Bay"	333	159	159	138	18	158	40	112	152	55	96	"R"	153	82	71	36	1
"AK"	2012	"36-078 Tuluksak"	225	67	67	49	9	67	14	51	67	36	31	"R"	67	53	14	36	1
"AK"	2012	"36-080 Tuntutuliak"	186	92	91	76	12	92	10	80	87	43	43	"R"	91	51	38	36	1
"AK"	2012	"36-082 Tununak"	201	82	82	68	8	81	26	52	80	26	54	"R"	80	34	46	36	1
"AK"	2012	"36-084 Tyonek"	333	38	24	22	0	23	6	16	20	7	11	"R"	15	7	7	36	1
"AK"	2012	"36-086 Upper Kalskag"	117	67	65	42	19	66	8	55	62	40	22	"R"	67	61	6	36	1
"AK"	2012	"District 36 - Absentee"	0	741	732	398	305	717	217	449	666	433	231	"R"	662	289	368	36	1
"AK"	2012	"District 36 - Question"	0	319	317	203	98	235	49	173	95	56	39	"R"	94	36	58	36	1
"AK"	2012	"District 36 - Early Voting"	0	0	0	0	0	0	0	0	0	0	0	"R"	0	0	0	36	1
"AK"	2012	"37-700 Akutan"	470	86	81	52	22	78	35	37	72		72	"S"	69		69	37	1
"AK"	2012	"37-702 Aleutians No. 1"	233	43	42	29	13	42	13	27	38		37	"S"	37		36	37	1
"AK"	2012	"37-704 Aleutians No. 2"	1789	732	730	441	266	710	264	382	604		585	"S"	583		563	37	1
"AK"	2012	"37-706 Bethel No. 1"	1945	603	600	437	141	595	177	381	551		520	"S"	551		516	37	1
"AK"	2012	"37-708 Bethel No. 2"	1924	708	703	443	217	693	235	414	626		596	"S"	626		599	37	1
"AK"	2012	"37-710 Chignik"	232	22	19	13	5	21	2	16	19		19	"S"	17		17	37	1
"AK"	2012	"37-712 Clark's Point"	41	13	10	6	3	12	0	12	10		10	"S"	8		8	37	1
"AK"	2012	"37-714 Cold Bay"	117	31	31	1	30	31	0	29	14		12	"S"	12		10	37	1
"AK"	2012	"37-716 Eek"	180	75	73	53	17	73	12	61	73		73	"S"	71		71	37	1
"AK"	2012	"37-718 Egegik"	118	15	15	0	14	15	2	13	13		13	"S"	13		13	37	1
"AK"	2012	"37-720 Goodnews Bay"	200	81	81	55	19	81	13	68	78		78	"S"	79		77	37	1
"AK"	2012	"37-722 King Cove"	339	130	126	56	67	127	15	106	96		94	"S"	94		90	37	1
"AK"	2012	"37-724 Mekoryuk"	141	74	72	34	35	72	4	66	72		72	"S"	72		71	37	1
"AK"	2012	"37-726 Port Heiden"	71	33	32	17	13	33	4	27	26		26	"S"	21		21	37	1
"AK"	2012	"37-728 Quinhagak"	308	116	115	75	35	115	22	91	115		114	"S"	114		113	37	1
"AK"	2012	"37-730 Sand Point"	479	175	174	71	95	170	20	141	147		142	"S"	139		134	37	1
"AK"	2012	"37-732 St. George Island"	72	32	32	20	11	32	7	25	32		32	"S"	32		31	37	1
"AK"	2012	"37-734 St. Paul Island"	327	125	125	103	18	123	19	93	115		113	"S"	109		108	37	1
"AK"	2012	"37-736 Togiak"	530	192	190	102	75	190	22	158	182		179	"S"	173		167	37	1
"AK"	2012	"District 37 - Absentee"	0	718	712	417	272	687	214	431	550		517	"S"	527		493	37	1
"AK"	2012	"District 37 - Question"	0	377	372	206	149	255	67	177	102		98	"S"	89		84	37	1
"AK"	2012	"District 37 - Early Voting"	0	0	0	0	0	0	0	0	0		0	"S"	0		0	37	1
"AK"	2012	"38-805 Anderson"	202	75	75	15	56	73	11	54	44		39	"S"	73	45	10	38	1
"AK"	2012	"38-810 Cantwell"	184	87	85	36	46	85	21	57	53		49	"S"	85	34	38	38	1
"AK"	2012	"38-815 Clear"	212	65	64	21	40	65	21	33	49		45	"S"	62	33	21	38	1
"AK"	2012	"38-820 Denali Park"	280	101	101	86	8	96	74	14	83		82	"S"	96	7	80	38	1
"AK"	2012	"38-825 Ester"	1033	557	556	318	196	548	262	219	403		374	"S"	548	169	336	38	1
"AK"	2012	"38-827 Goldstream No. 1"	1127	494	492	268	181	485	222	206	350		317	"S"	489	151	298	38	1
"AK"	2012	"38-830 Goldstream No. 2"	1263	681	679	403	207	660	341	226	514		481	"S"	666	175	437	38	1
"AK"	2012	"38-833 Grayling"	111	54	53	28	21	52	3	49	44		44	"S"	53	26	4	38	1
"AK"	2012	"38-835 Healy"	865	360	357	151	190	353	119	201	233		217	"S"	346	180	135	38	1
"AK"	2012	"38-845 Manley Hot Springs"	144	49	49	19	30	49	8	35	32		26	"S"	49	25	5	38	1
"AK"	2012	"38-853 McGrath"	283	120	115	52	57	113	23	84	77		74	"S"	117	91	14	38	1
"AK"	2012	"38-855 Minto"	136	58	56	38	11	57	10	47	54		54	"S"	57	16	2	38	1
"AK"	2012	"38-863 Nenana"	596	282	278	91	164	276	51	189	188		161	"S"	275	164	54	38	1
"AK"	2012	"38-865 Nikolai"	70	48	47	31	14	46	8	35	36		36	"S"	46	33	0	38	1
"AK"	2012	"38-870 Ruby"	128	46	46	36	7	46	14	29	41		40	"S"	46	20	2	38	1
"AK"	2012	"38-890 Tanana"	187	90	89	78	10	86	25	59	75		74	"S"	89	34	14	38	1
"AK"	2012	"38-893 Takotna"	41	14	12	3	9	14	0	14	8		8	"S"	14	14	0	38	1
"AK"	2012	"38-895 University Hills"	815	313	313	185	99	307	150	122	241		223	"S"	308	97	192	38	1
"AK"	2012	"38-900 Alakanuk"	296	141	139	111	27	140	18	119	135		133	"S"	139	80	37	38	1
"AK"	2012	"38-904 Chevak"	414	177	173	149	23	171	25	144	168		167	"S"	171	94	57	38	1
"AK"	2012	"38-910 Emmonak"	429	186	183	132	3	185	54	126	173		170	"S"	184	86	62	38	1
"AK"	2012	"38-916 Hooper Bay"	542	227	221	183	31	220	33	182	213		211	"S"	221	94	97	38	1
"AK"	2012	"38-918 Kotlik"	269	117	117	93	19	117	13	101	106		106	"S"	117	63	36	38	1
"AK"	2012	"38-920 Marshall"	215	100	97	74	19	98	19	78	94		94	"S"	97	48	25	38	1
"AK"	2012	"38-922 Mountain Village"	431	179	178	112	55	179	25	149	166		163	"S"	178	79	64	38	1
"AK"	2012	"38-928 Nunam Iqua"	95	53	52	45	4	53	8	45	51		51	"S"	52	38	5	38	1
"AK"	2012	"38-930 Pilot Station"	333	168	166	126	38	168	26	141	161		160	"S"	166	77	49	38	1
"AK"	2012	"38-936 Scammon Bay"	232	123	122	105	15	122	23	96	116		115	"S"	122	65	34	38	1
"AK"	2012	"38-940 St. Mary's"	349	121	121	104	14	121	33	84	114		112	"S"	120	37	61	38	1
"AK"	2012	"District 38 - Absentee"	0	1013	1009	518	435	967	396	478	671		591	"S"	899	381	434	38	1
"AK"	2012	"District 38 - Question"	0	403	396	233	131	283	69	185	97		93	"S"	100	40	43	38	1
"AK"	2012	"District 38 - Early Voting"	0	373	373	257	99	366	210	123	294		282	"S"	370	87	248	38	1
"AK"	2012	"39-005 Allakaket"	131	44	44	35	8	44	10	33	43	6	37	"T"	43		43	39	1
"AK"	2012	"39-007 Arctic Village"	105	51	51	50	0	50	42	7	49	3	46	"T"	48		47	39	1
"AK"	2012	"39-010 Beaver"	63	28	28	22	5	28	9	19	28	5	22	"T"	24		24	39	1
"AK"	2012	"39-012 Bettles"	98	14	14	6	7	14	4	10	14	6	8	"T"	12		12	39	1
"AK"	2012	"39-015 Central"	171	43	43	8	30	42	6	35	39	27	12	"T"	25		22	39	1
"AK"	2012	"39-020 Chistochina"	230	92	90	18	63	90	9	69	85	62	23	"T"	53		50	39	1
"AK"	2012	"39-023 Circle"	72	34	33	22	11	34	4	27	32	12	20	"T"	11		11	39	1
"AK"	2012	"39-025 Copper Center"	828	246	246	56	176	244	43	183	237	152	85	"T"	156		146	39	1
"AK"	2012	"39-027 Dot Lake"	112	45	45	5	37	44	1	41	39	35	3	"T"	18		17	39	1
"AK"	2012	"39-030 Eagle"	231	92	89	25	61	91	17	66	86	57	29	"T"	55		49	39	1
"AK"	2012	"39-033 Fort Yukon"	505	193	192	155	35	190	48	136	172	47	123	"T"	155		147	39	1
"AK"	2012	"39-035 Gakona"	272	106	106	35	71	105	16	81	99	52	47	"T"	72		68	39	1
"AK"	2012	"39-037 Galena"	248	178	177	89	81	178	37	135	172	68	103	"T"	158		151	39	1
"AK"	2012	"39-040 Hughes"	60	42	42	32	7	42	9	33	42	6	36	"T"	40		39	39	1
"AK"	2012	"39-043 Huslia"	173	100	100	77	22	99	22	73	99	29	70	"T"	87		86	39	1
"AK"	2012	"39-045 Kaltag"	132	58	58	48	9	58	9	49	56	16	40	"T"	53		53	39	1
"AK"	2012	"39-047 Kenny Lake"	336	136	136	37	89	132	28	87	126	81	44	"T"	78		69	39	1
"AK"	2012	"39-050 Koyukuk"	69	37	37	32	2	37	12	24	37	8	28	"T"	37		36	39	1
"AK"	2012	"39-053 Mentasta"	88	38	38	23	11	36	11	21	29	13	16	"T"	28		28	39	1
"AK"	2012	"39-055 Northway"	230	63	63	42	20	63	14	47	53	20	33	"T"	49		47	39	1
"AK"	2012	"39-060 Nulato"	194	82	80	57	20	81	12	67	79	25	54	"T"	75		74	39	1
"AK"	2012	"39-070 Stevens Village"	72	15	15	14	0	14	5	9	15	1	14	"T"	14		14	39	1
"AK"	2012	"39-075 Tanacross"	110	43	43	36	4	42	7	35	35	8	27	"T"	37		37	39	1
"AK"	2012	"39-085 Tetlin"	75	27	27	25	2	27	4	22	25	8	17	"T"	27		27	39	1
"AK"	2012	"39-090 Tok"	1137	483	482	130	318	471	81	333	443	267	173	"T"	287		259	39	1
"AK"	2012	"39-095 Venetie"	125	54	54	49	4	54	21	31	53	9	44	"T"	48		48	39	1
"AK"	2012	"39-400 Brevig Mission"	213	107	105	78	21	106	13	89	107	9	97	"T"	98		95	39	1
"AK"	2012	"39-405 Diomede"	72	25	24	15	9	24	8	14	23	1	22	"T"	22		22	39	1
"AK"	2012	"39-410 Elim"	185	105	103	74	20	102	12	88	104	3	101	"T"	93		93	39	1
"AK"	2012	"39-415 Gambell"	314	151	151	114	32	149	22	118	148	16	131	"T"	128		124	39	1
"AK"	2012	"39-420 Golovin"	109	77	76	52	21	75	7	66	76	2	74	"T"	65		64	39	1
"AK"	2012	"39-425 Koyuk"	200	100	100	75	23	98	18	80	97	2	95	"T"	89		87	39	1
"AK"	2012	"39-430 Nome No. 1"	1037	459	459	257	181	451	122	305	446	92	350	"T"	402		383	39	1
"AK"	2012	"39-435 Nome No. 2"	1449	628	623	364	221	614	176	419	613	92	518	"T"	553		537	39	1
"AK"	2012	"39-440 Savoonga"	405	232	231	191	32	232	49	173	229	17	212	"T"	220		219	39	1
"AK"	2012	"39-445 Shaktoolik"	150	82	82	57	20	82	8	69	81	2	79	"T"	74		74	39	1
"AK"	2012	"39-450 Shishmaref"	340	195	194	154	36	193	34	159	194	14	180	"T"	183		182	39	1
"AK"	2012	"39-455 St. Michael"	199	69	67	42	19	69	11	56	68	11	57	"T"	63		63	39	1
"AK"	2012	"39-460 Stebbins"	289	106	97	61	30	97	22	70	94	15	79	"T"	83		82	39	1
"AK"	2012	"39-465 Teller"	158	61	61	43	13	60	13	46	61	5	56	"T"	57		55	39	1
"AK"	2012	"39-470 Unalakleet"	523	270	268	163	89	267	57	206	264	21	242	"T"	241		241	39	1
"AK"	2012	"39-475 Wales"	101	61	60	44	7	61	10	49	61	5	56	"T"	54		53	39	1
"AK"	2012	"39-480 White Mountain"	152	65	65	42	18	63	12	50	62	2	60	"T"	57		56	39	1
"AK"	2012	"District 39 - Absentee"	0	932	929	356	508	897	213	582	807	391	409	"T"	591		543	39	1
"AK"	2012	"District 39 - Question"	0	309	304	193	95	237	60	166	114	15	99	"T"	95		94	39	1
"AK"	2012	"District 39 - Early Voting"	0	229	228	142	78	225	80	134	222	46	169	"T"	197		183	39	1
"AK"	2012	"40-002 Ambler"	174	80	78	60	15	79	17	61	78	9	69	"T"	70		68	40	1
"AK"	2012	"40-004 Anaktuvuk Pass"	247	89	89	63	23	89	18	69	89	18	71	"T"	88		84	40	1
"AK"	2012	"40-006 Atqasuk"	147	56	55	37	15	56	21	33	55	5	50	"T"	53		50	40	1
"AK"	2012	"40-008 Barrow"	1015	373	372	242	112	372	93	256	367	70	290	"T"	347		332	40	1
"AK"	2012	"40-010 Browerville"	1747	769	768	501	231	765	166	550	757	127	623	"T"	727		696	40	1
"AK"	2012	"40-012 Buckland"	354	91	91	74	12	91	24	62	90	7	82	"T"	82		81	40	1
"AK"	2012	"40-014 Deering"	83	34	34	29	4	34	13	21	34	1	33	"T"	28		27	40	1
"AK"	2012	"40-016 Kaktovik"	186	88	86	54	28	84	17	65	84	17	67	"T"	83		80	40	1
"AK"	2012	"40-018 Kiana"	227	77	77	51	26	76	10	61	73	10	63	"T"	64		57	40	1
"AK"	2012	"40-020 Kivalina"	215	93	93	58	32	93	18	69	93	14	79	"T"	88		85	40	1
"AK"	2012	"40-022 Kobuk"	82	34	34	30	3	33	3	30	33	2	31	"T"	31		31	40	1
"AK"	2012	"40-024 Kotzebue"	1947	737	736	481	220	726	179	508	713	126	581	"T"	621		593	40	1
"AK"	2012	"40-026 Noatak"	280	138	136	82	47	137	13	119	136	15	121	"T"	125		123	40	1
"AK"	2012	"40-028 Noorvik"	369	144	144	77	59	144	17	127	143	16	126	"T"	136		134	40	1
"AK"	2012	"40-030 Nuiqsut"	262	114	114	68	41	114	16	93	113	22	91	"T"	108		104	40	1
"AK"	2012	"40-032 Point Hope"	400	159	158	118	38	159	37	116	156	20	136	"T"	148		147	40	1
"AK"	2012	"40-034 Point Lay"	128	41	40	24	14	40	8	29	39	9	30	"T"	37		37	40	1
"AK"	2012	"40-036 Selawik"	404	152	148	108	33	150	21	127	152	29	122	"T"	138		135	40	1
"AK"	2012	"40-038 Shungnak"	151	78	76	66	10	74	18	56	73	6	67	"T"	67		65	40	1
"AK"	2012	"40-040 Wainwright"	350	155	155	93	56	155	14	130	155	30	124	"T"	150		143	40	1
"AK"	2012	"District 40 - Absentee"	0	482	480	241	229	395	121	252	328	64	264	"T"	301		277	40	1
"AK"	2012	"District 40 - Question"	0	271	268	157	99	184	30	142	109	14	92	"T"	97		94	40	1
"AK"	2012	"District 40 - Early Voting"	0	3	3	3	0	3	0	3	3	0	3	"T"	2		1	40	1
